-2.2484932194367127, 0.32, 7004.0, 14450, 3.1
1.8304710944986962, 0.07, 9749.5, 19635, 0.55
-2.3552175976233793, 0.27, 7992.005999999997, 15789.6, 0.53
-1.757447224952898, 0.26, 9034.024, 18631.0, 0.53
-1.7675740146760532, 0.26, 10053.657999999998, 20951.0, 0.53
-0.23936301749999106, 0.13, 11447.121999999996, 23110.4, 0.54
-2.324205338085694, 0.33, 12406.990000000002, 25710.6, 0.52
0.5158654965070298, 0.13, 17166.339999999993, 36480.4, 0.54
1.1917291664086387, 0.08, 16606.764000000003, 33143.0, 0.55
0.7904270639282523, 0.1, 16935.064000000002, 33274.0, 0.56
1.0871879324967226, 0.09, 15195.009999999995, 31517.4, 0.55
1.8739119207457586, 0.01, 14780.820000000002, 30395.0, 0.55
-1.647368700351309, 0.29, 13795.80000000001, 27837.8, 0.52
-0.07086342672554904, 0.22, 9274.52, 19329, 0.53
0.3551912931926822, 0.19, 8993.85, 17085, 0.5
1.0096077513515598, 0.14, 10212.84, 20592.0, 0.51
0.6608521983121284, 0.17, 9659.4, 17510, 0.5
1.9681686459523708, 0.06, 9852.35, 19805, 0.53
1.5590202189124147, 0.09, 9304.95, 19210, 0.53
0.9996822703425421, 0.14, 9642.82399999999, 20183.6, 0.52
1.8831758999865746, 0.1, 9911.009999999993, 19287.6, 0.53
1.2742670449613436, 0.15, 11638.52, 21263, 0.5
1.524633193307511, 0.11, 11287.96, 22625, 0.52
1.8181708609604814, 0.08, 10405.948, 20612.4, 0.54
1.0956397583702624, 0.12, 9066.95, 18700, 0.52
1.1254854693424754, 0.1, 11631.06, 22423, 0.54
2.021006705171216, 0.07, 9941.6, 19635, 0.53
0.39213824177746076, 0.19, 8973.45, 17085, 0.52
-0.6416388803892016, 0.23, 14399.386, 29357.4, 0.53
2.475139469655465, 0.06, 9752.9, 19805, 0.53
1.9611386302311564, 0.09, 11942.12, 22922, 0.53
1.7230694979512027, 0.08, 11390.33, 23326, 0.53
1.0342800083251797, 0.13, 9539.55, 18360, 0.52
0.7756247885296311, 0.17, 9534.45, 17510, 0.5
1.727571974042971, 0.09, 11991.11, 24218.0, 0.54
1.666595898133288, 0.12, 10071.94, 21452, 0.53
1.8808140584915696, 0.09, 9920.35, 19210, 0.52
1.8524806044581306, 0.08, 10308.594, 20698.8, 0.52
1.073844281573039, 0.14, 10972.86, 21625, 0.52
1.339469962798691, 0.09, 10558.74, 20378.0, 0.53
0.43124045716594417, 0.19, 9198.32799999999, 17846.6, 0.5
0.9834197871664364, 0.11, 9582.9, 18785, 0.51
1.9850440484033345, 0.06, 11781.43, 23709, 0.53
1.324668642261638, 0.13, 9492.17, 19950.0, 0.52
-0.15468329278349097, 0.17, 8758.4, 17510, 0.5
1.721016002286185, 0.11, 13522.14, 26945, 0.51
2.017153775102057, 0.08, 10344.37, 20618.0, 0.53
1.9433736992083184, 0.11, 9202.95, 18785, 0.52
1.3416535514158427, 0.12, 9332.15, 18700, 0.52
1.2482826122579203, 0.13, 8974.3, 18360, 0.51
1.964018518506958, 0.07, 10166.73, 21555, 0.53
1.955166493923114, 0.09, 9472.4, 19210, 0.53
0.990658205249234, 0.15, 8990.45, 17935, 0.52
1.0929943390109265, 0.11, 9512.35, 18785, 0.52
0.8979883806144804, 0.1, 9760.55, 18955, 0.52
1.9783848166973472, 0.08, 9637.3, 19550, 0.53
1.4583415349410738, 0.12, 9519.15, 18700, 0.51
2.3619120661801243, 0.04, 10248.45, 20400, 0.54
1.6530020054015042, 0.11, 9265.0, 18785, 0.52
2.1305389549981886, 0.04, 9943.3, 20400, 0.54
1.3534143111517534, 0.1, 11725.93, 22491.0, 0.54
-1.0573563174985285, 0.22, 11089.854, 21797.4, 0.53
-0.44061434393866067, 0.21, 9646.22, 19833.0, 0.52
-1.8998944505823758, 0.28, 7727.2139999999945, 15296.6, 0.53
1.4180287247329024, 0.08, 11171.38, 23018, 0.53
2.359802774863958, 0.05, 10156.65, 20060, 0.54
-0.08798289535750697, 0.16, 11380.48, 21114, 0.52
0.5311917785510929, 0.15, 9121.35, 17935, 0.51
0.35409416260452176, 0.16, 9626.912, 19802.0, 0.52
1.6314084646084688, 0.1, 11222.26, 21475.0, 0.52
1.546043657740651, 0.1, 10466.77, 20509.0, 0.52
2.23500879600625, 0.06, 10214.154000000004, 19833.8, 0.53
0.5648784970013353, 0.17, 9536.1, 18982, 0.5
2.6662257469079207, 0.03, 11436.04, 23509.0, 0.55
2.1947405381531, 0.05, 10523.59, 21014.0, 0.54
2.430322241252758, 0.06, 10039.35, 19805, 0.53
2.5181302387793125, 0.06, 11302.59, 22529.0, 0.54
2.052919937660449, 0.1, 9732.794, 20094.2, 0.52
1.597462282117802, 0.1, 9848.1, 18955, 0.53
1.0729543615474617, 0.12, 9953.29, 21052.0, 0.51
1.835299995458721, 0.09, 11358.72, 22882, 0.52
1.798183694136521, 0.09, 12279.024, 24702.4, 0.53
1.5776506386078535, 0.12, 9842.15, 18700, 0.52
0.6485489690263236, 0.19, 9353.4, 17085, 0.5
0.6902581831640023, 0.13, 14320.576000000003, 28979.2, 0.55
1.2781475667552404, 0.1, 9964.72, 19839, 0.52
1.8997605849831163, 0.08, 11174.649999999992, 23574.4, 0.54
1.357651370634117, 0.12, 11903.111999999988, 23576.4, 0.53
1.5429087398956347, 0.12, 11535.172000000002, 22973.6, 0.52
1.9025670314233167, 0.09, 10742.475999999997, 21377.2, 0.53
1.2606221201837842, 0.13, 10998.65, 21624, 0.52
1.712589826043116, 0.1, 11582.037999999995, 24962.2, 0.52
1.1729136823489972, 0.13, 10954.12400000001, 22664.8, 0.51
1.209729395346536, 0.13, 10424.86, 20689.6, 0.52
1.677007163884017, 0.1, 10860.919999999991, 22038.6, 0.53
1.255900877753128, 0.13, 11037.419999999993, 22291.2, 0.52
0.4806147577707083, 0.08, 11524.648000000003, 23538.8, 0.53
0.3378519212763831, 0.16, 9591.4, 17850, 0.51
1.1578210044107804, 0.14, 9124.75, 18105, 0.56
1.0187823612325173, 0.16, 10997.244000000004, 22396.0, 0.58
2.173092250032928, 0.06, 12949.393999999998, 25543.4, 0.53
0.9231862244854109, 0.14, 11257.018000000004, 23308.0, 0.52
1.9597943147188053, 0.1, 10187.872, 21050.2, 0.52
0.9837626710196158, 0.13, 10559.851999999997, 21679.2, 0.52
0.500384074193934, 0.18, 10296.336, 22160.2, 0.51
1.0266836069554908, 0.1, 13571.43799999999, 26939.2, 0.54
1.5586694156203458, 0.07, 9952.44, 19803.0, 0.53
1.7630086309844508, 0.07, 13429.757999999987, 28075.4, 0.54
1.434587613942945, 0.15, 11286.376000000004, 22243.0, 0.52
1.9154022084341298, 0.1, 11575.913999999995, 24190.2, 0.52
0.860846613433006, 0.18, 10605.108000000002, 21621.4, 0.5
0.9198637101814768, 0.18, 10242.093999999997, 21272.8, 0.5
0.6535539885926113, 0.15, 9942.508000000002, 21556.6, 0.51
2.126963167136042, 0.09, 12068.941999999997, 24946.4, 0.54
2.418482316616092, 0.05, 11213.833999999997, 23156.4, 0.55
1.9729815081829658, 0.06, 13179.94, 26693.4, 0.53
-0.3645872061283529, 0.25, 9975.438000000002, 20137.6, 0.49
1.6542196679732353, 0.1, 10854.3, 23784.0, 0.53
0.6402248161397871, 0.16, 8504.25, 17850, 0.52
2.4003467904359526, 0.07, 12010.42, 25947, 0.54
1.0351535758780273, 0.15, 10979.439999999995, 21941.4, 0.52
1.5493763798427431, 0.06, 12040.35, 23733.0, 0.54
-2.1103523661257326, 0.34, 9127.498000000007, 17470.8, 0.51
-3.5170152674697306, 0.4, 6242.4, 12750, 0.52
0.4989820357455641, 0.09, 10947.35, 23258.4, 0.55
-1.6952287851017016, 0.28, 10306.161999999995, 20716.4, 0.53
1.1718816207865659, 0.13, 9416.3, 18360, 0.52
1.6855956454703942, 0.09, 10055.14, 20224.0, 0.53
1.8637647208074675, 0.08, 11131.913999999999, 23295.6, 0.54
1.4653768339804583, 0.15, 10148.940000000002, 20419.0, 0.51
1.4218824691428333, 0.11, 10011.02, 21188.0, 0.53
1.0306256014690802, 0.12, 12584.244000000006, 25237.6, 0.52
2.3413128835612738, 0.02, 11437.634000000002, 23493.0, 0.56
1.0141872163872956, 0.12, 10534.233999999991, 21654.8, 0.52
0.9325318975384999, 0.13, 12247.722000000002, 23545.0, 0.51
1.745514580330826, 0.12, 13190.845999999994, 27217.2, 0.52
-0.08271094465292343, 0.24, 9222.625999999997, 19681.4, 0.48
2.4424119380679943, 0.01, 13398.152000000004, 27837.2, 0.55
1.0947307454037167, 0.06, 12275.124000000002, 24255.4, 0.54
1.357565072939715, 0.06, 12873.539999999988, 26051.8, 0.55
1.96022062677542, 0.11, 11703.241999999997, 23437.4, 0.52
1.5950167701744165, 0.07, 12431.152, 23830.0, 0.53
-0.4572341335283926, 0.21, 9466.96, 19244, 0.53
0.9407568393043113, 0.17, 11767.705999999995, 24807.2, 0.51
2.1077092761232366, 0.08, 12066.794000000002, 24352.0, 0.54
2.225100454694011, 0.08, 11552.642000000002, 25028.0, 0.53
1.3300682038626508, 0.06, 11204.417999999987, 23686.2, 0.54
1.403375119468488, 0.07, 11382.46, 25095.0, 0.55
1.304579807966465, 0.13, 10035.987999999994, 22106.4, 0.52
1.6630726157520928, 0.08, 12064.658000000005, 23598.8, 0.54
1.153621152303406, 0.1, 11138.746, 23600.0, 0.53
2.2223900016516867, 0.08, 12433.848000000004, 24253.8, 0.53
0.985354518457617, 0.13, 10905.407999999996, 21946.8, 0.52
2.2601591339658818, 0.07, 11552.576000000001, 25615.0, 0.54
2.0582094767449464, 0.05, 12541.812000000002, 24704.0, 0.54
1.247454272837885, 0.11, 10771.366000000002, 21171.0, 0.54
0.8540284816412012, 0.13, 11791.114000000003, 23519.6, 0.53
1.6951575338495888, 0.07, 11840.30400000001, 23628.6, 0.53
1.1399095087681879, 0.1, 15257.019999999997, 31440.6, 0.54
2.209064797134464, 0.0, 16043.175999999996, 33762.0, 0.56
1.4883247730270721, 0.12, 11228.506000000001, 21701.2, 0.52
2.4110035458118597, 0.01, 15875.891999999994, 31717.0, 0.55
2.1506151786565857, 0.07, 12897.817999999996, 25108.6, 0.54
1.5525000096677746, 0.03, 18238.474, 37760.8, 0.55
-0.14871686079627178, 0.23, 10673.3, 23384.8, 0.52
2.608555600672472, 0.01, 16062.199999999995, 32782.8, 0.57
-0.11664876808411946, 0.15, 11522.570000000005, 24786.8, 0.54
-0.1428513202968056, 0.19, 9761.032000000003, 20464.4, 0.52
0.6140588189745767, 0.16, 10722.45199999999, 23229.2, 0.52
1.428041360664941, 0.1, 13449.106000000007, 27953.4, 0.54
-0.05058314221037934, 0.16, 12421.359999999991, 26971.2, 0.53
-0.5349762999833818, 0.2, 10782.202, 21488.2, 0.52
-0.48389876907543167, 0.2, 8941.694000000005, 18849.6, 0.53
-0.391283485784739, 0.2, 10901.379999999997, 21449.6, 0.53
1.784483477729721, 0.06, 10346.2, 19805, 0.54
-0.5690204983014386, 0.14, 13923.972000000009, 29599.8, 0.54
1.046894031056638, 0.13, 14416.274, 30758.2, 0.52
-0.01529837402069111, 0.14, 9932.374000000003, 20852.4, 0.54
-0.4567412734280868, 0.22, 13344.010000000007, 23815.4, 0.51
0.8633177990809693, 0.14, 9312.702000000012, 18165.8, 0.52
1.530402149985455, 0.09, 15027.024000000007, 28984.8, 0.52
-0.07149802312025645, 0.16, 10641.004, 23004.8, 0.53
2.46398253004736, 0.04, 13447.690000000002, 26814.6, 0.54
0.07087753051362915, 0.16, 14621.450000000017, 30478.8, 0.53
2.239570134430319, 0.03, 13899.914, 28363.0, 0.55
0.8806122117432383, 0.08, 11418.237999999998, 23554.0, 0.54
0.3288199723801133, 0.09, 11145.52, 21587.6, 0.54
0.9493074323204964, 0.09, 12342.248, 25105.0, 0.53
1.6997396424786573, 0.08, 13894.807999999997, 28744.8, 0.54
1.604583121613967, 0.11, 9756.3, 18785, 0.52
1.162374590451927, 0.1, 12216.161999999993, 24647.4, 0.52
1.1575125916162132, 0.08, 13594.460000000005, 29739.6, 0.53
2.993819227715181, 0.0, 17326.507999999994, 35230.8, 0.56
1.1721572506875841, 0.07, 11479.13, 23155, 0.55
1.423569376911687, 0.08, 13298.668000000005, 25704.8, 0.53
1.7803272678618802, 0.05, 15378.666000000001, 32313.0, 0.56
1.560431091636261, 0.06, 11502.420000000006, 22819.4, 0.54
-0.7601995697087532, 0.18, 11205.035999999998, 23321.2, 0.53
-0.43396078362600066, 0.18, 10698.592000000006, 22481.4, 0.52
-0.20910513091187596, 0.17, 10241.933999999987, 20298.2, 0.53
-0.794212261203502, 0.23, 10011.962000000007, 21395.0, 0.51
0.41899144525895304, 0.12, 13332.057999999992, 27818.4, 0.53
0.07667029127167309, 0.17, 12562.287999999991, 26332.4, 0.54
2.1900625966782004, 0.07, 11231.645999999992, 22458.6, 0.53
1.592340166764145, 0.11, 12342.774000000003, 24673.0, 0.53
-0.9850942051261768, 0.22, 16306.070000000002, 30923.8, 0.54
1.2791621662168295, 0.12, 12606.034000000003, 26468.6, 0.52
1.1675939697773134, 0.14, 10489.362000000006, 18799.4, 0.51
0.19800855613941448, 0.16, 12558.114, 25714.4, 0.54
2.0369600045807235, 0.04, 19864.584, 41036.4, 0.55
0.0027492960467872594, 0.15, 16636.22599999999, 33844.4, 0.55
0.49622944931473784, 0.11, 13854.120000000003, 26882.6, 0.54
-1.046090975056648, 0.26, 12160.798, 24545.4, 0.53
1.7356680119608248, 0.08, 11501.524, 23620.2, 0.53
1.3786196920292506, 0.14, 11040.462000000005, 21900.6, 0.51
-2.594500585203314, 0.32, 7709.48, 15956.0, 0.52
-0.36964798324839654, 0.15, 11922.207999999999, 23704.8, 0.53
1.4065984991792901, 0.09, 14970.085999999994, 30258.0, 0.54
-1.0341871729283676, 0.25, 10796.351999999988, 21602.0, 0.52
2.025482145585047, 0.07, 10852.784000000003, 21843.0, 0.53
-3.2350526357657934, 0.4, 7857.256000000007, 17068.4, 0.52
0.5708857478259894, 0.12, 15072.133999999998, 29701.8, 0.53
-1.4073954137838351, 0.25, 10453.216, 21459.6, 0.53
-1.2878505663784676, 0.24, 10320.15, 21030.0, 0.53
-0.3768927462156342, 0.2, 17312.809999999998, 34582.4, 0.54
-0.7296178883303703, 0.22, 13153.226000000006, 26337.8, 0.53
0.31617797647625884, 0.19, 12703.428000000004, 23630.8, 0.52
1.2282328974612355, 0.13, 9077.798000000006, 18718.4, 0.52
-0.9353802396944542, 0.25, 11313.383999999998, 21939.6, 0.53
1.789740197686685, 0.09, 11482.381999999989, 22229.4, 0.53
-1.9315323499866834, 0.26, 10502.130000000003, 21113.6, 0.53
-2.367231407306695, 0.33, 6907.6440000000075, 14713.4, 0.53
0.7473001128442875, 0.13, 14546.931999999999, 26732.6, 0.53
-1.2127924460840154, 0.28, 11224.874, 22808.4, 0.51
-0.2599617484345908, 0.12, 15927.704000000003, 32898.2, 0.55
-0.3872501984873309, 0.17, 12547.374, 24863.8, 0.52
1.5631601204869074, 0.1, 9709.55, 18955, 0.53
-3.559744968057922, 0.41, 8402.488000000005, 16224.8, 0.51
-0.010782822142172233, 0.2, 9366.072000000006, 19724.8, 0.53
-0.8983083614670682, 0.17, 14693.259999999998, 31001.2, 0.54
-1.87815482450837, 0.25, 9434.17, 17722.0, 0.53
-2.129266669497138, 0.31, 9378.29, 19837.6, 0.52
1.3009229598438787, 0.11, 9636.928000000009, 18845.8, 0.52
-3.7207797910679568, 0.43, 6692.866000000002, 12236.6, 0.51
-0.4969337040974187, 0.22, 13761.968000000003, 27643.0, 0.52
-2.2579296944014358, 0.33, 7970.072000000002, 15954.4, 0.52
-0.026963779169708508, 0.15, 13352.979999999998, 29112.8, 0.54
-1.6138345797196851, 0.24, 15676.24, 30400.8, 0.53
-2.0613856834432864, 0.28, 10186.87, 22039.0, 0.52
0.769095854713755, 0.1, 14112.445999999996, 29274.2, 0.56
-0.352108017963743, 0.2, 15089.793999999994, 28176.4, 0.51
-0.42659522203267813, 0.19, 13400.382, 27002.0, 0.53
-0.08038055191371475, 0.18, 10693.264000000001, 22339.8, 0.54
-1.8505868891036195, 0.31, 11242.608000000002, 22445.4, 0.53
-1.8295957401909169, 0.19, 13363.584000000006, 25769.2, 0.54
-1.6378184797105877, 0.26, 9823.731999999998, 20759.0, 0.53
-5.505703995867517, 0.5, 5590.9580000000005, 10634.2, 0.51
-4.09967397862967, 0.44, 6567.48, 13052, 0.5
-3.0079261846738445, 0.35, 8014.72, 18101.0, 0.52
-4.831821996465339, 0.52, 7051.662000000002, 14324.0, 0.5
-3.3788253745538683, 0.39, 9421.428, 19050.2, 0.51
-3.5104896407984443, 0.39, 6904.622000000003, 13799.8, 0.51
-4.148125128168291, 0.43, 7227.84, 15121, 0.5
-4.418628100747051, 0.48, 5999.990000000002, 12679.0, 0.51
-0.9070580090278678, 0.24, 10700.126000000004, 21314.0, 0.52
-5.955869405621339, 0.57, 6572.598000000002, 12722.0, 0.49
-4.381480093779498, 0.47, 5480.8, 11135, 0.51
-4.133434286515104, 0.42, 7248.83, 13819, 0.51
-4.728151380000294, 0.46, 7068.890000000001, 13698.6, 0.51
-5.32506209916834, 0.51, 5449.79, 11437, 0.5
-4.619293289928097, 0.47, 5813.15, 11135, 0.51
-2.4108376257605437, 0.36, 8041.995999999997, 18303.2, 0.53
-4.027644844919658, 0.48, 5262.35, 11050, 0.51
-3.7634150176440717, 0.42, 6764.191999999997, 15300.6, 0.52
-4.887738329449905, 0.53, 5886.1060000000025, 12621.6, 0.5
-5.1742147409272805, 0.49, 5426.382000000003, 11529.2, 0.49
-5.391886778818361, 0.56, 5115.690000000002, 9836.4, 0.5
-4.331528161740858, 0.46, 5415.58, 11417.0, 0.51
-4.084938062794758, 0.41, 7220.07, 15354, 0.51
-5.149769443965766, 0.52, 5221.8, 10920, 0.5
-4.918922492588532, 0.47, 5604.05, 11135, 0.5
-4.185537676023294, 0.44, 6759.6640000000025, 13935.2, 0.51
-4.446622223656599, 0.45, 6748.8, 13224, 0.5
-4.148506926730264, 0.45, 5958.5, 11560, 0.5
-4.8068155844781515, 0.52, 4993.988000000001, 11336.0, 0.51
-4.245487849577073, 0.41, 7347.6239999999925, 15060.6, 0.52
-2.320562124661421, 0.33, 9947.244, 20339.2, 0.52
-6.885172528498538, 0.7, 3672.5120000000024, 8153.2, 0.47
-4.881079641820897, 0.5, 5324.847999999995, 10528.6, 0.5
-4.990472461726145, 0.57, 4964.78, 10258.0, 0.48
-4.065654445451022, 0.45, 6823.37, 13800, 0.52
-3.6090266805710773, 0.43, 7210.01, 14225, 0.51
-3.0824445935044076, 0.38, 7593.43, 15437, 0.51
-5.590538582970851, 0.57, 3965.25, 9010, 0.49
-3.889207571880554, 0.45, 6075.8, 11560, 0.51
-6.665923006979296, 0.69, 3086.65, 7580, 0.46
-6.757150552826747, 0.66, 3764.412000000002, 8041.0, 0.47
-5.883359000154563, 0.59, 5393.323999999999, 10508.2, 0.48
-3.9200237612844484, 0.45, 5974.65, 11560, 0.51
-2.3261123547844886, 0.3, 7362.7, 14705, 0.5
-5.407655918021426, 0.53, 4820.35, 9860, 0.5
-3.6397183484135662, 0.43, 6188.21, 13157.0, 0.51
-7.929778566255017, 0.77, 2268.65, 4760, 0.46
-4.7673107070634675, 0.49, 5804.65, 10710, 0.49
-5.304786089931011, 0.57, 4788.9, 9010, 0.5
-4.86225618941452, 0.51, 4967.4, 10285, 0.51
-4.3913429499991254, 0.44, 6264.37, 12848.0, 0.51
-2.1846292454698566, 0.35, 8442.02, 16349.0, 0.51
-3.8797789776536615, 0.44, 6874.55, 14540, 0.5
-5.156451746410767, 0.53, 5703.01, 10688.0, 0.5
-5.060177377423868, 0.52, 6822.836000000001, 14194.0, 0.5
-4.276681800046988, 0.46, 5603.4, 11361.0, 0.52
-3.7340578268514166, 0.43, 6253.45, 11985, 0.5
-4.725003584200934, 0.49, 8393.25, 16139.0, 0.5
-3.749320799454419, 0.41, 7407.29, 14714, 0.51
-3.7065072134867108, 0.42, 5830.96, 12227.0, 0.52
-3.8697336315447393, 0.41, 6246.65, 12410, 0.52
-4.750884183985323, 0.47, 6415.201999999998, 12443.8, 0.5
-3.771266247788045, 0.43, 8165.010000000009, 16617.8, 0.51
-2.4282546423559834, 0.3, 8507.09, 17601.0, 0.52
-4.645543014895649, 0.49, 5168.85, 10710, 0.5
-5.307878045831826, 0.55, 4776.15, 9435, 0.48
-5.2562682941992795, 0.5, 5460.4, 10455, 0.5
-5.173985523903277, 0.53, 6577.616, 12708.0, 0.5
-5.5700753451864475, 0.56, 5514.736, 12233.2, 0.49
-4.892011044845429, 0.51, 5246.2, 10285, 0.5
-5.476996617158289, 0.55, 4719.2, 9435, 0.5
-4.600782632693422, 0.47, 5652.5, 11135, 0.51
-3.5201977289222968, 0.39, 7575.478, 16344.2, 0.51
-2.857566981759849, 0.33, 8028.217999999994, 17303.6, 0.52
-4.635735294590374, 0.51, 6590.690000000005, 12793.8, 0.51
-5.658540611264198, 0.59, 4708.056000000002, 9688.2, 0.5
-5.326728933630052, 0.55, 4945.3, 9435, 0.5
-3.021437617090788, 0.38, 6548.95, 15117, 0.52
-4.066853288983768, 0.45, 8974.320000000007, 18388.8, 0.51
-2.5035387759541394, 0.35, 8562.114000000001, 20515.4, 0.52
-5.590122130570643, 0.56, 6750.157999999996, 14065.6, 0.49
-4.720718018697598, 0.49, 6379.262, 13654.0, 0.51
-6.495242286919909, 0.66, 3850.77, 8207, 0.48
-4.479116031122482, 0.44, 6174.002000000003, 12008.8, 0.52
-3.2262781935751885, 0.36, 9416.945999999994, 19451.2, 0.52
-5.532905175954321, 0.54, 6188.65, 14245.0, 0.5
-4.0707399735838745, 0.45, 6340.659999999992, 13387.6, 0.51
-4.985337168079783, 0.51, 6484.064000000004, 14235.8, 0.5
-5.413032096219302, 0.55, 4635.05, 9435, 0.5
-4.512527888808034, 0.49, 7483.362000000003, 15946.6, 0.5
-5.705941869978366, 0.56, 4798.85, 10382.0, 0.49
-4.783667397902646, 0.47, 5953.753999999998, 12799.0, 0.52
-3.950105779921534, 0.45, 7232.9580000000005, 16153.6, 0.51
-3.811510080800815, 0.44, 8830.152000000004, 16941.2, 0.51
-4.743760622790521, 0.48, 5247.671999999999, 11859.6, 0.5
-4.661249775456229, 0.49, 5170.63, 12118, 0.5
-5.1094110079370765, 0.52, 5230.9, 10200, 0.5
-5.139522114603519, 0.51, 5422.89, 10733, 0.51
-3.6086079011715295, 0.39, 8224.765999999996, 17046.2, 0.51
-5.708769782735632, 0.56, 4477.8, 9350, 0.49
-5.273055567827519, 0.51, 6125.315999999996, 14136.2, 0.51
-4.826185641115565, 0.47, 8431.720000000003, 17361.6, 0.51
-4.910907123198105, 0.48, 6650.992000000004, 14176.4, 0.51
-5.053924829087709, 0.51, 7123.166, 13561.8, 0.5
-3.8071077691243937, 0.42, 7278.438000000006, 14841.4, 0.52
-4.799357349995207, 0.52, 5412.2119999999995, 12154.8, 0.51
-3.8466709613555863, 0.42, 6567.95, 12155, 0.51
-5.2299453719742415, 0.54, 5285.51, 11161.0, 0.51
-4.826332840557604, 0.52, 7510.56, 13864, 0.5
-2.646856455226054, 0.36, 9575.416, 20186.0, 0.52
-5.336870932939428, 0.54, 6022.596000000002, 15311.0, 0.5
-4.99551572459879, 0.53, 6517.209999999997, 14256.8, 0.51
-2.1455073214883438, 0.26, 12551.248000000003, 24560.8, 0.53
-3.844104132491133, 0.39, 9471.992000000006, 20947.8, 0.51
-3.3521116931673665, 0.43, 7768.07, 15364.0, 0.5
-3.1362275665701786, 0.41, 8464.71, 16570, 0.5
-3.177160466919815, 0.38, 8821.344000000006, 20485.4, 0.51
-2.7585558314189247, 0.43, 8142.981999999998, 17239.2, 0.51
-4.199824704340873, 0.46, 7150.071999999995, 15630.6, 0.51
-6.814015399059142, 0.63, 4285.83, 9335, 0.48
-4.689714097621271, 0.5, 8318.686000000002, 18172.8, 0.51
-3.353278691023482, 0.37, 8883.868, 17893.6, 0.53
-1.334635983984302, 0.25, 9723.61, 20377.0, 0.53
-5.803014059046696, 0.61, 5301.095999999998, 11404.8, 0.5
-5.643245373045735, 0.56, 7338.345999999999, 14983.2, 0.51
-3.32602255564804, 0.42, 10562.672000000004, 22586.2, 0.51
-3.1632236837669723, 0.36, 12061.408000000012, 24818.8, 0.52
-1.922089070083338, 0.28, 8794.128000000008, 18256.8, 0.53
-6.304249878262032, 0.61, 4097.85, 8160, 0.5
-4.805171768300081, 0.47, 7152.458000000001, 14709.4, 0.51
-3.544215220960707, 0.38, 9731.04, 19369, 0.52
-5.004403401711354, 0.55, 5388.776, 11246.2, 0.49
-3.6202804454088704, 0.46, 7672.706000000001, 16393.0, 0.55
-3.830048787493397, 0.4, 7116.2340000000095, 13866.8, 0.51
-3.115715583549282, 0.38, 7248.263999999999, 14791.0, 0.52
-3.258950408518095, 0.34, 9489.895999999993, 20498.2, 0.52
-4.95220352190241, 0.52, 7155.81, 13712.0, 0.51
-3.9660135031258523, 0.45, 7523.9380000000065, 16439.8, 0.52
-0.5493160306375348, 0.2, 12396.056, 26711.6, 0.54
-2.3843341936110485, 0.27, 9929.17, 19083.0, 0.54
-1.5933619213160322, 0.28, 11289.317999999994, 24631.2, 0.51
0.7062939932911663, 0.14, 11363.772000000006, 23212.0, 0.53
-3.8541297944528448, 0.4, 8386.32800000001, 15430.8, 0.52
-2.311871276860927, 0.29, 9631.351999999999, 20191.0, 0.53
-4.714361142154109, 0.45, 7435.992000000003, 15648.8, 0.5
-4.528473466989695, 0.47, 8436.978000000003, 17682.0, 0.52
-3.7867766048358735, 0.42, 7634.623999999997, 16386.0, 0.52
-3.8177619473247892, 0.43, 9003.447999999999, 20575.4, 0.52
-4.95762439192295, 0.5, 6632.75, 14359, 0.5
-3.069524608634003, 0.38, 8251.178, 16805.2, 0.51
-3.755460460084978, 0.4, 7719.095999999999, 15794.4, 0.53
-4.74478633221161, 0.46, 8391.546, 16849.8, 0.52
-5.774904908853247, 0.57, 5770.398000000005, 11496.4, 0.51
-4.493409825175303, 0.45, 6292.579999999999, 13860.8, 0.51
-5.971394695369934, 0.6, 4421.74, 9012, 0.49
-3.0457943731349313, 0.36, 9356.604, 18310.4, 0.52
-4.143213089604049, 0.44, 8039.554, 16420.8, 0.52
-4.924318701025737, 0.49, 7998.009999999996, 16058.2, 0.52
0.07115855900126833, 0.16, 13348.070000000002, 26469.8, 0.54
-2.392652203802436, 0.31, 11697.685999999996, 22435.8, 0.53
-4.292521096688378, 0.42, 7881.208000000006, 19075.4, 0.52
-2.909256391713674, 0.35, 8967.426000000001, 17618.8, 0.53
-6.384325322449079, 0.62, 5261.544, 10616.6, 0.5
-4.356588955133169, 0.44, 7166.76, 14472, 0.51
-3.69384299982394, 0.37, 8333.109999999999, 17333.2, 0.51
-3.16227589635863, 0.4, 7162.629999999997, 15181.2, 0.51
-2.14592279166236, 0.35, 9267.294, 20258.6, 0.52
-1.9132928931160764, 0.33, 7531.397999999997, 14810.2, 0.51
-5.401720782403327, 0.57, 5706.045999999999, 11349.2, 0.49
-4.243556714194163, 0.44, 8121.603999999996, 15352.6, 0.51
-5.24113166850879, 0.5, 5453.74, 12247, 0.5
-3.521319895234649, 0.39, 7628.63, 15139, 0.51
-5.10060989761264, 0.51, 5288.29, 11565, 0.5
-3.969336211675791, 0.48, 5341.770000000006, 11498.0, 0.51
-2.739601619836896, 0.36, 10988.888, 22418.8, 0.49
-5.459654886646003, 0.57, 5147.022000000001, 9455.4, 0.5
-3.1976922134879566, 0.37, 8097.937999999997, 15822.8, 0.52
-4.103305674703592, 0.44, 6490.303999999999, 13548.0, 0.52
-3.7919521819120297, 0.37, 6830.769999999997, 13637.4, 0.52
-3.4356505277739107, 0.41, 8192.720000000005, 18727.6, 0.51
-5.846817984517562, 0.6, 4830.96, 11060, 0.49
-5.677935013209931, 0.57, 4860.030000000002, 10438.8, 0.51
-4.449154601393829, 0.45, 7547.27, 13800, 0.52
-4.893711468508021, 0.52, 4481.2, 10200, 0.52
-2.9667991314079165, 0.37, 7027.63, 15244, 0.52
-3.374623259881561, 0.4, 8063.46, 16818.0, 0.52
-2.1197827964488143, 0.29, 8219.83, 16688, 0.52
-3.28989466406229, 0.38, 8796.682, 18067.4, 0.52
-4.977112190188857, 0.5, 6194.5, 13719, 0.51
-4.013514542424083, 0.42, 7450.42, 14779, 0.51
-2.60882113830313, 0.31, 8604.835999999996, 17450.2, 0.52
-3.9367344652680516, 0.45, 7029.37, 14248, 0.51
-5.5284007064006655, 0.57, 3961.85, 9010, 0.48
-4.530289205461774, 0.42, 6699.997999999998, 15556.6, 0.51
-5.751281635262987, 0.59, 6096.69, 13895.0, 0.5
-5.775269058000773, 0.55, 4833.330000000001, 10201.6, 0.51
-7.362741997128613, 0.71, 4032.4239999999963, 7023.8, 0.47
-4.080558227211793, 0.5, 5665.08, 12563, 0.51
-2.818008131958771, 0.34, 6783.85, 13855, 0.52
-4.1976066852994505, 0.47, 6835.630000000001, 16395.4, 0.51
-5.87686634556726, 0.58, 4692.0, 8755, 0.5
-4.919193531653177, 0.5, 5481.2, 10711, 0.52
-4.624622070351653, 0.45, 5920.25, 11560, 0.5
-6.123696194979077, 0.64, 3893.85, 7650, 0.49
-3.762087431400614, 0.45, 6742.682, 16251.2, 0.51
-0.9787545961133388, 0.21, 9819.068000000005, 20739.4, 0.53
-3.2370791124469367, 0.38, 9304.246000000001, 18592.2, 0.52
-1.518124902414152, 0.22, 9759.31, 21355.0, 0.53
-4.172431790664237, 0.42, 8911.978000000003, 18211.0, 0.52
-2.6004182746303797, 0.39, 7897.28, 14883, 0.52
-4.897282231691648, 0.49, 5882.962000000002, 12546.8, 0.51
-4.757428269070632, 0.49, 6397.75, 12758, 0.51
-4.713515035709903, 0.49, 6195.216000000003, 12137.2, 0.51
-5.01395682992287, 0.52, 4898.55, 10200, 0.5
-4.3143266137068625, 0.44, 6498.25, 11900, 0.51
-5.023867756142512, 0.52, 6222.97, 11648.0, 0.5
-1.8143132684047512, 0.3, 7971.979999999998, 15840.6, 0.52
0.8662183495238228, 0.07, 12903.611999999996, 26214.2, 0.54
-5.416689532780359, 0.54, 4917.197999999996, 10302.6, 0.51
-4.950781958215562, 0.52, 5343.95, 10200, 0.51
-5.547745261745668, 0.58, 5693.588000000009, 11725.4, 0.51
-5.7193715627103305, 0.54, 5098.27, 9989, 0.5
-5.455788670032877, 0.54, 5207.86, 9925, 0.5
-1.779147008358226, 0.26, 8356.282000000008, 17343.4, 0.52
-2.8891794011721452, 0.3, 12460.656, 25501.0, 0.52
-4.3262895451527426, 0.46, 6576.831999999995, 13826.2, 0.51
-2.460116599401764, 0.31, 8301.894000000002, 18356.4, 0.51
-3.7216186071532094, 0.37, 10427.53999999999, 21477.2, 0.52
-4.929594218393228, 0.43, 8566.993999999993, 17216.2, 0.51
-0.8475551654895968, 0.14, 17540.370000000006, 35871.8, 0.54
-3.009353609230428, 0.33, 10313.627999999999, 21263.6, 0.52
-4.414711200354642, 0.42, 6462.118000000009, 14077.0, 0.5
-2.269379282771209, 0.29, 11225.850000000002, 22116.6, 0.53
-3.153333316669193, 0.32, 14577.824, 28319.0, 0.52
-4.02871976166879, 0.4, 7902.047999999999, 16910.0, 0.49
-1.7718168201219677, 0.2, 14493.713999999993, 31019.2, 0.54
-1.0747200090500435, 0.31, 10914.64, 23765.0, 0.53
-2.8633973560144894, 0.41, 9728.556, 19800.4, 0.51
0.6354581413999938, 0.16, 18269.049999999996, 37488.4, 0.54
-4.317866594517711, 0.47, 8357.604, 17044.8, 0.5
-2.3450054471962667, 0.42, 7713.630000000009, 17150.8, 0.51
-0.6514122282253552, 0.22, 11467.378000000004, 22115.2, 0.53
-1.5348269691077183, 0.29, 10820.066000000003, 22069.6, 0.53
1.1732134088944368, 0.13, 18285.024000000005, 38778.4, 0.54
-0.019587364279870723, 0.15, 18127.202, 35997.4, 0.55
0.6779102410589383, 0.15, 19155.804000000004, 40659.0, 0.54
0.5239954593071104, 0.17, 19231.909999999996, 40830.6, 0.54
-1.0065124887954082, 0.13, 25343.805999999997, 50324.8, 0.54
-2.4705195273268776, 0.3, 12691.960000000003, 25351.6, 0.53
0.0025609183764204245, 0.2, 21079.09800000001, 41373.6, 0.53
-1.0590707620937794, 0.24, 16041.616000000004, 35402.2, 0.53
-0.3700888476531249, 0.18, 16514.318, 34414.0, 0.54
-0.0868533799093672, 0.21, 17587.829999999994, 37359.2, 0.54
0.6821229139861245, 0.12, 18871.010000000002, 38096.6, 0.54
-0.09027580419762067, 0.19, 18632.37399999999, 36270.8, 0.54
-0.06005098654605973, 0.08, 24714.829999999994, 48565.0, 0.55
-0.3423667824856899, 0.17, 15825.935999999992, 33381.4, 0.53
0.609889961319887, 0.12, 20740.294, 44394.6, 0.54
1.2626131685736077, 0.09, 22409.774000000005, 48016.2, 0.56
0.2204874574492703, 0.12, 16243.088000000003, 32857.6, 0.54
-0.12874676211118563, 0.13, 22636.506, 46305.4, 0.54
0.20558179700217288, 0.13, 21728.751999999997, 46901.2, 0.55
-0.3289899860323579, 0.2, 19840.578, 40745.8, 0.54
-0.7712860681180382, 0.18, 19709.136000000002, 42819.6, 0.54
0.4937611394848428, 0.1, 27425.883999999995, 60986.8, 0.55
-0.05440864953951138, 0.14, 22335.978000000014, 48791.6, 0.54
0.4438739239601114, 0.13, 15393.253999999999, 33053.8, 0.54
-0.7052895629158645, 0.22, 10083.478, 21479.4, 0.55
0.7687335315553845, 0.08, 21354.780000000006, 45357.2, 0.54
1.4507983847714911, 0.04, 22989.833999999995, 46259.8, 0.55
-0.07558442059964972, 0.15, 18996.18, 38753.4, 0.55
-0.14347291615903973, 0.13, 22761.524000000005, 47025.0, 0.56
0.5944982175832623, 0.11, 19594.350000000002, 40128.8, 0.55
0.7643782678286455, 0.13, 20990.76, 41548.2, 0.54
-0.00844794788519704, 0.1, 21956.298, 44393.8, 0.55
0.6557617475857672, 0.05, 19330.098, 40471.2, 0.55
-0.6614047312417699, 0.21, 20024.537999999993, 39070.2, 0.53
0.1538187727867826, 0.11, 18959.371999999996, 38643.6, 0.54
1.1257927276681714, 0.02, 20379.878, 40077.4, 0.55
0.6147065870821049, 0.09, 17707.86, 36537.8, 0.54
0.5298754021687715, 0.09, 18485.998000000007, 38350.0, 0.55
0.8893047576749891, 0.12, 19317.76800000001, 38371.6, 0.54
0.37372998706606686, 0.11, 18453.05400000001, 40260.8, 0.54
-0.3705067151659631, 0.2, 18343.644, 38326.0, 0.54
0.3411985363389078, 0.13, 11434.989999999996, 22419.4, 0.55
-0.1765290507182606, 0.16, 22915.412, 52244.8, 0.54
-1.3856031285272519, 0.27, 14271.582000000002, 29961.0, 0.53
-0.7672381732266033, 0.14, 16334.575999999992, 34232.8, 0.54
-1.1626965742835895, 0.23, 13613.467999999995, 30493.6, 0.53
0.5621888096385694, 0.08, 17003.246, 36851.6, 0.55
0.2401139763804781, 0.05, 21423.194, 44562.2, 0.54
0.7499916084231443, 0.08, 21514.856, 45535.0, 0.55
-0.2574256405547577, 0.13, 18331.44, 38530.2, 0.55
-0.059249667963495775, 0.09, 16364.25799999999, 33348.0, 0.55
0.702471976919369, 0.01, 25452.954000000005, 51942.2, 0.56
1.633373080927976, 0.05, 18792.872, 38126.2, 0.55
0.3345834008501335, 0.14, 12690.369999999995, 27100.2, 0.54
0.9017121267064109, 0.03, 15947.562, 33518.6, 0.55
1.9176452167201312, 0.01, 22197.811999999998, 46941.6, 0.55
1.3080287546960347, 0.05, 21744.974000000002, 44748.4, 0.55
1.74917255598094, 0.04, 19504.98399999999, 38098.8, 0.55
1.0042941515954538, 0.12, 19215.482000000004, 36957.8, 0.55
0.9977143427499767, 0.13, 9769.169999999991, 19255.2, 0.52
1.094410842625557, 0.07, 17202.757999999998, 35404.2, 0.54
1.8400846761894547, 0.0, 21799.164000000004, 45118.4, 0.55
2.3749588302205695, 0.01, 19582.652, 40641.4, 0.56
-0.43505675354252327, 0.21, 14666.883999999996, 29360.6, 0.54
1.8571344708661712, 0.1, 12062.730000000005, 23778.2, 0.54
-1.5590595293246605, 0.19, 9746.364000000003, 18974.4, 0.54
-2.4079142482023523, 0.28, 11172.802000000003, 24983.2, 0.53
0.29412392343901267, 0.14, 19327.992, 37752.0, 0.53
0.10023935942074143, 0.2, 18949.255999999998, 37208.8, 0.54
-0.6878916700475395, 0.26, 13805.569999999998, 28444.4, 0.53
-1.6578160759553293, 0.36, 11064.921999999997, 24051.0, 0.52
-0.8407559798959894, 0.2, 9620.946, 18907.2, 0.52
-1.3321841926464548, 0.28, 11841.897999999997, 25562.8, 0.52
0.5970621284325375, 0.12, 15828.549999999988, 30804.6, 0.54
0.671220356662194, 0.19, 9007.79000000001, 17729.8, 0.51
-2.4604431139014484, 0.32, 7069.45, 14450, 0.51
0.01609256077131498, 0.18, 13250.54, 28469.6, 0.53
-2.019637540963396, 0.3, 12705.805999999999, 27816.6, 0.53
-1.0947625277138158, 0.28, 13970.37, 28517.2, 0.53
-2.6959894498688266, 0.34, 11319.692, 22407.0, 0.52
0.6570126811374039, 0.15, 9233.57, 17991.0, 0.51
-2.438445494497155, 0.28, 13542.442000000006, 28844.0, 0.53
-0.6349276091364695, 0.25, 11070.124, 22236.4, 0.52
-2.337994513435004, 0.31, 7295.55, 14535, 0.52
-4.253743018923888, 0.49, 10507.201999999996, 23917.0, 0.49
-1.2394453490056168, 0.26, 13298.377999999993, 26623.4, 0.53
1.3501715533752614, 0.13, 9652.32199999999, 19202.6, 0.53
-1.5288059811504262, 0.26, 7725.003999999999, 15711.4, 0.53
-1.5039911044356113, 0.31, 11537.451999999997, 25189.2, 0.52
-2.610866300822098, 0.35, 14012.589999999993, 26486.4, 0.53
2.0023385596951497, 0.04, 12768.084, 25583.0, 0.54
2.1882515431125604, 0.05, 10234.635999999997, 20893.2, 0.55
-1.5953311555731196, 0.31, 11648.424000000005, 23645.0, 0.5
-1.5710262323729882, 0.24, 13762.481999999995, 28776.2, 0.54
-2.625667994305054, 0.34, 6896.9, 13855, 0.51
-0.595483123586155, 0.19, 13340.683999999997, 28090.0, 0.54
-1.6529470108397217, 0.3, 11961.217999999999, 24805.4, 0.52
-3.9229543483060887, 0.44, 10938.875999999995, 21482.0, 0.51
-5.313959690611914, 0.55, 5275.114000000001, 11269.4, 0.49
-5.136570160193457, 0.55, 5440.280000000002, 11031.8, 0.51
-5.405699202902153, 0.54, 6745.892000000005, 12745.8, 0.5
-3.412379927992283, 0.46, 7954.267999999994, 14102.4, 0.51
0.11845896152594662, 0.16, 14171.61599999999, 30371.4, 0.55
-2.6909483612665133, 0.29, 10854.61, 22082.0, 0.52
-3.7779160498103135, 0.46, 9176.206000000002, 20277.4, 0.51
-5.7414375396652675, 0.57, 6323.622000000004, 14078.0, 0.49
-3.5503773889793866, 0.45, 8552.125999999998, 17717.0, 0.52
-4.518195154193087, 0.52, 7570.479999999997, 17945.4, 0.49
-1.2065445438402234, 0.32, 11850.986000000003, 24079.8, 0.52
-2.046940011441128, 0.36, 9811.086000000005, 21329.8, 0.52
-3.2869844343041414, 0.4, 9669.367999999993, 20750.0, 0.5
-5.676551659807371, 0.61, 5850.950000000001, 11423.0, 0.49
-6.036674725326251, 0.66, 4417.7379999999985, 9343.6, 0.48
-5.118984366207373, 0.53, 6975.818, 15608.6, 0.49
-5.400104240692965, 0.58, 6945.073999999998, 14185.2, 0.49
-5.352709946012844, 0.58, 7060.723999999996, 14830.6, 0.49
-5.9482433232158405, 0.65, 5717.072000000001, 12759.0, 0.49
-5.513085243036894, 0.65, 6798.709999999997, 13103.2, 0.48
-6.213562554722111, 0.63, 6018.073999999999, 13476.2, 0.48
-5.407169947278058, 0.58, 6757.190000000002, 13183.6, 0.49
-4.8787602986375616, 0.48, 7806.495999999997, 16091.6, 0.51
-5.085511025057524, 0.51, 6913.422000000004, 13857.0, 0.5
-3.575943903279968, 0.46, 8753.444000000003, 16981.2, 0.52
-1.700637183560822, 0.28, 10884.758000000003, 25521.6, 0.54
-3.262889179131376, 0.39, 9004.970000000001, 17063.4, 0.52
-2.921994961155152, 0.34, 9726.710000000003, 18795.4, 0.53
-0.9410353475080513, 0.16, 13149.875999999998, 28724.0, 0.55
-2.775479448996594, 0.38, 10877.764000000001, 23069.2, 0.51
-3.2179359290249447, 0.34, 11002.914, 21612.2, 0.52
-5.140148751842118, 0.53, 6709.745999999998, 15220.2, 0.5
-5.7437943878447255, 0.56, 4635.696000000002, 10480.8, 0.5
-4.364577617457466, 0.52, 6957.824000000004, 13898.4, 0.51
-1.7451648997641245, 0.33, 9496.764000000003, 19877.2, 0.53
-2.67590293060925, 0.36, 6674.2, 13600, 0.53
-4.790734361510432, 0.51, 7889.666000000002, 17011.6, 0.53
-3.5895890690875008, 0.4, 10292.708000000004, 21013.6, 0.53
-3.816666488155936, 0.49, 8158.788000000003, 17077.6, 0.5
-4.051897375981986, 0.52, 9322.577999999994, 20620.2, 0.49
-4.627318849183553, 0.48, 7931.16, 17096.4, 0.5
-4.4084274366828815, 0.55, 6538.104, 12283.4, 0.5
-1.837271826644606, 0.3, 9678.236000000003, 18555.4, 0.54
-5.114937689056097, 0.54, 5959.0779999999995, 14235.8, 0.51
-4.1366136489683845, 0.39, 8656.244, 18487.4, 0.52
-4.370581343767248, 0.45, 8448.302000000003, 17838.4, 0.49
-4.449508043030419, 0.47, 7668.738000000003, 17708.6, 0.5
-4.188900952412694, 0.44, 7046.86, 14444, 0.5
-1.3153257360632744, 0.3, 11955.736000000003, 24592.2, 0.52
-4.752346638879249, 0.54, 5930.622000000003, 13087.6, 0.49
-4.336902518384366, 0.5, 8329.914000000002, 18164.4, 0.49
-5.065439069198758, 0.55, 7191.524000000008, 14467.8, 0.49
-5.816907495438021, 0.61, 6111.800000000004, 12582.0, 0.49
-4.003965122860037, 0.43, 9095.830000000004, 18627.0, 0.52
-3.8288379380123962, 0.49, 7581.410000000004, 16779.6, 0.52
-3.456377560092759, 0.4, 7589.699999999999, 15804.0, 0.49
-5.75957757467925, 0.56, 5942.79, 12356.0, 0.51
-4.804106897358698, 0.46, 7299.6420000000035, 15420.0, 0.51
-4.081602614571893, 0.42, 7505.4220000000005, 15702.4, 0.51
-4.126823592362853, 0.44, 9964.12, 18850.6, 0.52
-2.0033530541731417, 0.26, 10401.399999999998, 21417.0, 0.52
-4.965319059668352, 0.54, 6567.48, 13125, 0.48
-5.47202690294297, 0.56, 6000.66, 13190, 0.49
-5.060097029490181, 0.51, 6840.54, 14189, 0.5
-4.487973853170697, 0.46, 7338.038000000003, 14420.8, 0.5
-3.7453226026559436, 0.4, 7902.852000000005, 16208.0, 0.51
-3.7098353822752923, 0.37, 9264.327999999998, 19179.4, 0.5
-4.416221102175673, 0.44, 8032.140000000002, 16949.2, 0.51
-4.263037936415657, 0.52, 7510.683999999995, 16736.2, 0.5
-3.2556596301774023, 0.38, 6998.050000000002, 13630.6, 0.52
-4.237115214666455, 0.43, 9084.542000000005, 18603.0, 0.51
-3.457045294107547, 0.42, 5853.95, 12155, 0.51
-3.2811140247915707, 0.39, 8113.610000000002, 17281.0, 0.5
-5.209972581608936, 0.58, 5986.988, 12317.2, 0.48
-1.2209186398024983, 0.25, 9837.596000000001, 19883.6, 0.54
-3.666974986492172, 0.45, 6521.698000000005, 15218.8, 0.52
-5.148555446895995, 0.51, 7025.501999999991, 15366.2, 0.51
-4.156784436811963, 0.48, 7672.754, 16085.0, 0.51
-2.715668954286368, 0.41, 9402.65, 18461.4, 0.51
-5.3622649807151666, 0.53, 7226.236000000001, 14716.8, 0.5
-3.9843838572243437, 0.41, 9425.238, 20066.6, 0.5
-3.7883654472946624, 0.41, 6868.320000000003, 14272.4, 0.51
-3.442239977150885, 0.46, 6612.35, 13614.0, 0.5
-4.378986619008358, 0.45, 6617.589999999999, 15347.6, 0.52
-4.997229470706899, 0.51, 5474.731999999998, 12537.8, 0.51
-4.580872624846617, 0.46, 7321.1, 14446.0, 0.52
-5.099121304697087, 0.49, 6312.815999999999, 13486.8, 0.52
-3.9134080613637154, 0.43, 8747.612000000003, 17623.2, 0.52
-4.96995049732216, 0.5, 6531.21, 13847, 0.51
-6.392157264630787, 0.65, 3830.46, 9614, 0.5
-5.042595175755245, 0.52, 6037.07, 12826.0, 0.5
-5.979304708997651, 0.61, 4197.297999999999, 8461.8, 0.51
-5.756446917908327, 0.58, 5133.17, 10937.0, 0.51
-5.113816522527953, 0.52, 5559.032000000003, 11195.8, 0.5
-5.205388709753923, 0.52, 5402.200000000007, 11139.8, 0.52
-3.9578688656857746, 0.43, 9161.214, 19602.0, 0.52
-3.0736893346726832, 0.34, 10005.08, 21291.0, 0.53
-0.962651439329994, 0.15, 15775.365999999998, 32288.2, 0.54
-4.112315274772079, 0.47, 6843.505999999999, 14943.0, 0.53
-5.313321195823826, 0.56, 5412.864000000001, 12348.8, 0.51
-3.7810622017911144, 0.43, 8459.202, 17836.4, 0.51
-3.746450762566925, 0.41, 8606.387999999995, 18453.2, 0.52
-4.498030294781185, 0.49, 6411.241999999999, 14268.6, 0.52
-5.723570447503303, 0.57, 5670.395999999995, 13572.8, 0.51
-3.7423233879697007, 0.42, 7722.247999999997, 17209.4, 0.51
-6.211137928105912, 0.63, 4671.67, 9847, 0.49
-6.160129608555301, 0.64, 5376.197999999995, 11715.6, 0.5
-4.099610852415976, 0.41, 8302.328, 16188.6, 0.53
-4.970717727647666, 0.52, 6482.084, 14194.0, 0.51
-5.434968015025816, 0.54, 5741.11, 11981.0, 0.51
-4.829850467186926, 0.47, 7970.881999999995, 15956.6, 0.51
-5.443005574862562, 0.57, 7094.539999999997, 13957.2, 0.51
-5.514566740650398, 0.54, 6000.081999999996, 12995.6, 0.51
-4.415662827004607, 0.46, 6390.5860000000075, 12793.8, 0.53
-2.4247430293492953, 0.43, 7619.81, 15382.0, 0.51
-5.353593961278782, 0.55, 5334.531999999997, 10213.6, 0.51
-5.143387666524543, 0.54, 7190.3019999999915, 13566.6, 0.51
-4.859905740295039, 0.5, 5104.521999999998, 10733.8, 0.52
-5.542009596172376, 0.57, 5952.965999999999, 13896.0, 0.5
-4.727238290215334, 0.48, 6195.87, 12382.0, 0.51
-5.50007940448022, 0.54, 6504.83, 12785.0, 0.51
-5.132098072004892, 0.53, 4917.51, 11012, 0.52
-4.404623253772855, 0.49, 6281.96, 12630, 0.51
-3.472388062050253, 0.42, 5871.8, 12155, 0.52
-3.78195736082537, 0.41, 9432.03, 19282.0, 0.53
-5.650609707924206, 0.56, 5632.72, 12180.0, 0.5
-4.241688168104423, 0.43, 6943.8060000000005, 14009.8, 0.52
-5.464560415260048, 0.53, 6774.405999999997, 15355.2, 0.51
-3.462568725051315, 0.44, 6666.021999999997, 14374.4, 0.52
-6.314558455545288, 0.63, 4588.422, 9831.0, 0.5
-6.081704401144913, 0.62, 5244.572000000001, 9955.6, 0.5
-4.264278092519039, 0.42, 9713.063999999997, 21619.2, 0.52
-4.5955170856052625, 0.49, 9047.52599999999, 17227.6, 0.52
-4.784025273507388, 0.51, 5963.974000000001, 11906.8, 0.51
-4.618703163451088, 0.48, 5511.86, 11122.0, 0.51
-4.411531322004951, 0.47, 6891.5, 13379, 0.52
-4.353356393371956, 0.48, 7842.522000000001, 17353.6, 0.51
-3.1672721527581906, 0.32, 9681.094000000003, 18926.4, 0.55
-2.778392768190463, 0.35, 9285.202000000001, 19701.0, 0.53
-4.427381348857018, 0.45, 7916.371999999998, 16306.0, 0.51
-5.605073613427091, 0.56, 5008.5759999999955, 11118.8, 0.51
-3.850798749487504, 0.43, 7605.376000000005, 16065.8, 0.52
-5.172148961060169, 0.53, 6277.528, 12938.4, 0.51
-3.968867683130697, 0.43, 8593.85, 17681, 0.5
-2.2885852822965145, 0.38, 9117.205999999998, 18858.2, 0.51
-4.612661074759504, 0.48, 6251.984, 13326.4, 0.49
-4.221873422009798, 0.45, 8390.083999999995, 18066.4, 0.5
-5.7163313011850105, 0.58, 6523.479999999999, 13987.2, 0.49
-3.6542609268833495, 0.38, 9100.42, 18532.0, 0.51
-2.6068198940843943, 0.32, 9721.135999999997, 19159.2, 0.52
-4.884363418581615, 0.46, 10672.794000000005, 20847.8, 0.5
-5.54765123684559, 0.54, 6159.563999999999, 13527.0, 0.48
-5.166344661171961, 0.49, 5959.11, 12900.0, 0.5
-4.21978887099227, 0.41, 8544.473999999995, 17040.4, 0.51
0.46740794509344397, 0.08, 11743.44, 24590, 0.54
-5.296236681586522, 0.52, 5653.203999999999, 11935.0, 0.5
-4.736530272406302, 0.5, 5534.622, 12131.2, 0.51
-3.547392141575799, 0.36, 7949.179999999997, 16484.8, 0.51
-6.170340392742965, 0.61, 5762.7, 11520.0, 0.5
-3.833985885515239, 0.46, 10286.416000000003, 20502.2, 0.51
-2.5014695101537017, 0.43, 6775.502, 15328.2, 0.52
-3.2954760978527147, 0.46, 7068.510000000005, 14938.8, 0.49
-2.828727451681938, 0.47, 8311.686000000009, 17060.0, 0.5
-3.8001226509422192, 0.48, 8200.464, 16689.0, 0.49
-4.475688039103521, 0.55, 6370.511999999999, 14377.4, 0.5
-3.7672481836435896, 0.5, 7271.644000000003, 16203.4, 0.51
-4.119980865069996, 0.46, 9238.253999999997, 18696.6, 0.52
-2.507975370844403, 0.35, 6641.9, 13685, 0.52
-4.962024009248039, 0.47, 8281.807999999994, 16240.8, 0.51
-4.79745911356104, 0.49, 6449.880000000001, 14304.4, 0.51
-5.212708425682115, 0.55, 6771.348000000001, 14419.0, 0.51
-4.165094694554074, 0.45, 7890.506000000008, 18699.6, 0.52
-4.779917564069968, 0.51, 6810.451999999994, 15624.2, 0.51
-4.96670829655906, 0.5, 9561.780000000017, 17075.8, 0.52
-5.23447670650111, 0.51, 7765.908000000004, 17265.8, 0.51
-4.5797893165083385, 0.45, 6803.855999999994, 16363.6, 0.53
-5.303232354003818, 0.52, 6689.45, 13264.0, 0.51
-4.361526476482282, 0.45, 10803.008, 22050.8, 0.53
-5.061004704744697, 0.52, 5683.5399999999945, 11418.6, 0.5
-0.987598728926779, 0.17, 14155.582, 27785.4, 0.54
-3.0903204523536654, 0.37, 8065.106000000001, 16015.8, 0.53
-3.3003786963487727, 0.38, 8611.974000000007, 17809.8, 0.51
-4.759274034261132, 0.51, 8036.866000000008, 15325.0, 0.49
-4.71125450578422, 0.49, 8055.009999999992, 17320.2, 0.5
-0.2702672282807627, 0.16, 11602.898000000001, 24618.2, 0.53
-3.8319323608289113, 0.36, 11563.137999999999, 22804.4, 0.53
-6.002018641218569, 0.58, 5112.26, 10163, 0.51
-5.334328057327786, 0.56, 5729.638000000001, 11894.0, 0.51
-6.106846595092821, 0.61, 4387.85, 8907.0, 0.5
-3.9537480577567603, 0.43, 9190.600000000004, 18034.2, 0.51
-2.9067627452346794, 0.36, 9011.872000000008, 18830.4, 0.52
-4.905906817741554, 0.48, 6367.18, 13738, 0.51
-5.5244824108288, 0.58, 6491.368000000006, 12302.0, 0.5
-3.747042030011674, 0.42, 9928.388, 20586.4, 0.51
-3.983390123938638, 0.47, 7842.334000000003, 15457.8, 0.52
-5.311549676127145, 0.49, 6570.186, 16491.4, 0.5
-3.729831092782721, 0.44, 8550.318000000001, 19019.0, 0.52
-2.1983881255576647, 0.34, 8260.062000000005, 15872.4, 0.53
-3.4237633324596812, 0.33, 8628.544000000007, 17214.4, 0.52
-4.251905318921308, 0.43, 6045.99, 12625.0, 0.52
-4.737092530493474, 0.54, 6146.414000000003, 12505.4, 0.52
-3.9466422971719832, 0.43, 7809.732, 17288.2, 0.5
-2.7698000200577617, 0.38, 9248.624000000002, 20428.0, 0.51
-4.143955634360139, 0.46, 10201.987999999996, 19769.6, 0.51
-4.157250814707412, 0.44, 8056.684000000003, 16424.8, 0.52
-4.24776424651223, 0.49, 8099.382, 16468.8, 0.5
-4.904147549704008, 0.48, 9768.438000000002, 18485.4, 0.51
-4.6043919553398265, 0.47, 10157.367999999982, 19429.2, 0.52
-3.151417779510508, 0.42, 8368.259999999998, 18797.2, 0.51
-5.4139647185426245, 0.57, 7442.844, 13446.4, 0.5
-2.766365893403431, 0.37, 10237.034000000001, 19963.2, 0.51
-2.049396508333046, 0.27, 10984.706000000004, 22783.2, 0.52
-5.441537176233874, 0.55, 5793.353999999996, 12079.6, 0.5
-5.495851496933012, 0.55, 5327.897999999999, 12205.8, 0.49
-4.904144562699048, 0.51, 5523.658000000004, 12717.4, 0.5
-5.34677042408148, 0.53, 5560.7, 9860, 0.5
-5.036202511089081, 0.49, 7286.155999999999, 14682.0, 0.51
-4.020622374856045, 0.43, 6081.002000000004, 12590.2, 0.52
-3.927644351801826, 0.41, 8825.545999999993, 17570.0, 0.51
-4.8764733776960405, 0.52, 7333.005999999997, 15508.2, 0.49
-3.101165134905778, 0.4, 8628.691999999995, 18584.0, 0.51
-4.07235085051424, 0.48, 8024.869999999995, 18314.4, 0.52
-6.706048218404295, 0.66, 5029.8, 8815, 0.49
-4.0207590596504525, 0.43, 9565.562000000007, 20157.0, 0.51
-3.1155664460444648, 0.39, 7807.6, 16499, 0.53
-4.4656223871304075, 0.5, 5213.93, 11863, 0.5
-4.663420330792899, 0.45, 6868.71, 13224, 0.5
-6.004117700865079, 0.58, 5139.05, 10419, 0.5
-5.463240838931638, 0.54, 5986.51, 11013, 0.5
-2.148717553846649, 0.27, 12182.16199999999, 23970.4, 0.54
-3.87992474848878, 0.45, 7143.95, 15441.0, 0.52
-5.568885935575359, 0.53, 4978.45, 9860, 0.51
-3.4349494740552053, 0.38, 8948.084, 20659.0, 0.51
-4.418149721970488, 0.39, 8353.672000000004, 18521.4, 0.52
-4.639814719563562, 0.5, 6545.034000000006, 13262.6, 0.51
-4.143386620912235, 0.46, 7366.131999999995, 15594.6, 0.51
-4.878815826683128, 0.51, 7674.949999999998, 15694.0, 0.5
-4.511968049662356, 0.46, 8258.32, 17216.0, 0.51
-4.944285822796583, 0.58, 4545.8, 10059.0, 0.49
-3.69588658535272, 0.43, 7181.576000000008, 14105.4, 0.52
-4.278059331749321, 0.44, 6506.941999999999, 13369.2, 0.5
-3.87912635695507, 0.43, 7112.440000000003, 14759.4, 0.51
-3.6410820584355115, 0.46, 7750.455999999998, 15443.0, 0.51
-4.74286516255775, 0.49, 6893.031999999998, 14887.2, 0.51
-5.0459225113422495, 0.51, 5460.925999999998, 13161.8, 0.5
-3.5678611557613378, 0.42, 7370.053999999993, 17143.4, 0.52
-3.343468445747584, 0.39, 9006.471999999996, 19870.8, 0.53
-4.474931162414989, 0.53, 6413.188000000002, 14402.8, 0.5
-4.931465343821927, 0.52, 6559.577999999998, 14300.2, 0.49
-3.6730564467238644, 0.37, 8256.379999999996, 17463.2, 0.52
-4.44865641395132, 0.5, 6457.673999999999, 13311.4, 0.51
-5.499656389606204, 0.56, 6003.288, 12281.6, 0.5
-4.680968042941207, 0.46, 6766.09, 13161, 0.52
-3.8962030031021078, 0.41, 8391.554000000006, 16031.2, 0.53
-5.5357190241176655, 0.54, 6652.52, 14353.0, 0.51
-4.771571897193408, 0.45, 7719.454000000007, 16708.4, 0.52
-3.2339920991047553, 0.42, 8185.7, 16059.0, 0.51
-5.549303249437119, 0.55, 6067.840000000001, 11988.2, 0.49
-3.0607732542785953, 0.39, 9056.79, 20094.6, 0.51
-3.761706024674648, 0.41, 7916.694000000001, 16325.2, 0.51
-4.8094699872043645, 0.49, 6432.463999999999, 13838.2, 0.52
-4.3505096821401645, 0.5, 5829.9119999999975, 10873.2, 0.5
-5.100339956232328, 0.5, 6465.08, 13527, 0.51
-2.9040888771140594, 0.36, 8516.252, 17744.8, 0.52
-5.2097562488643465, 0.53, 5244.83, 10180, 0.5
-3.6831504696695045, 0.4, 7689.282000000006, 16650.4, 0.52
-5.170412848427993, 0.48, 6252.7, 13808.0, 0.51
-4.468605559055098, 0.48, 8439.815999999999, 17888.2, 0.5
-3.8235504503879554, 0.38, 7992.525999999999, 18703.0, 0.51
-6.114099995649448, 0.6, 4916.187999999998, 10231.2, 0.5
-4.453989298983326, 0.5, 6629.614000000001, 13376.6, 0.5
-4.1439557561112705, 0.42, 7739.856, 16799.2, 0.51
-4.174953481110376, 0.43, 7874.138000000001, 16592.6, 0.5
-6.19233893488904, 0.61, 5063.396000000004, 12046.4, 0.49
-4.878694374984544, 0.51, 7190.160000000007, 16131.8, 0.5
-5.174377458486482, 0.54, 6033.518000000006, 12797.4, 0.51
-5.556961566159492, 0.55, 7100.689999999995, 13550.6, 0.51
-3.6853180336450992, 0.37, 7900.899999999997, 19179.6, 0.52
-4.0240001581846325, 0.43, 7864.353999999995, 15641.0, 0.51
-4.375721993916826, 0.48, 7359.5440000000035, 14380.0, 0.5
-5.5040610873928815, 0.58, 5165.910000000005, 10737.2, 0.5
-3.517348021562569, 0.41, 8347.731999999998, 17894.0, 0.54
-2.9137768780667246, 0.37, 9177.468000000003, 19781.6, 0.53
-4.971732374648496, 0.52, 6849.808000000001, 15637.0, 0.51
-4.602001948058111, 0.53, 7403.499999999996, 16254.2, 0.51
-2.8850728209025376, 0.38, 7383.087999999996, 14182.2, 0.52
-4.628200126876145, 0.48, 7197.834000000002, 14087.4, 0.5
-5.985459171728711, 0.58, 6335.237999999999, 11234.6, 0.5
-4.516088414829548, 0.48, 5778.507999999993, 12535.2, 0.51
-4.577455379522489, 0.53, 6080.945999999997, 12187.0, 0.5
-4.758140232376698, 0.48, 6760.24, 13814.0, 0.51
-3.9260724854239317, 0.39, 8193.197999999999, 16750.8, 0.53
-4.7798429252954, 0.52, 7425.9519999999975, 16929.6, 0.51
-4.082187573471413, 0.44, 7692.967999999999, 16851.8, 0.52
-2.9711927947583923, 0.36, 8815.845999999996, 18215.0, 0.53
-3.96902879996201, 0.45, 7183.427999999999, 14488.0, 0.51
-2.575713327882831, 0.28, 9113.63400000001, 18740.8, 0.53
-4.56956682111938, 0.53, 7452.1660000000065, 13510.0, 0.51
-4.441250028950544, 0.53, 7565.931999999996, 15583.2, 0.51
-5.261011243815177, 0.54, 6428.112000000005, 12387.8, 0.5
-2.2680951794984234, 0.27, 11210.938000000006, 23651.8, 0.53
-4.013195312072364, 0.37, 8201.962, 16469.6, 0.52
-4.16206342101982, 0.44, 6963.914000000001, 12794.2, 0.53
-1.4523055003676, 0.26, 8819.81600000001, 18858.6, 0.53
-0.28506180937199393, 0.2, 10883.049999999997, 20341.8, 0.52
-3.140481719419479, 0.34, 8213.838000000002, 17657.8, 0.53
-4.833250491380445, 0.49, 6641.5340000000015, 14279.8, 0.51
-3.848992013200097, 0.48, 7465.663999999995, 14063.6, 0.51
-4.704280376062427, 0.54, 5037.958000000001, 13684.4, 0.49
-4.354310822631312, 0.45, 9163.92, 18472.0, 0.52
-3.9724380239639987, 0.48, 6370.651999999999, 14643.8, 0.51
-3.4482722894041604, 0.39, 9666.601999999999, 19018.0, 0.54
-0.8317332520678613, 0.31, 11643.876000000004, 23680.8, 0.52
-1.1046230729794304, 0.25, 10517.655999999995, 20436.0, 0.54
-3.542072036420358, 0.4, 8218.435999999992, 15495.6, 0.52
-3.95425237345386, 0.48, 7621.509999999998, 16291.0, 0.52
-2.5217962104761393, 0.39, 8334.708000000002, 17215.8, 0.53
-3.467678584471819, 0.39, 7163.29, 14307, 0.52
-4.570632228308895, 0.49, 6296.083999999997, 13635.6, 0.52
-5.8372091609906045, 0.61, 4800.13, 12070.0, 0.5
-4.230471187569806, 0.38, 10652.757999999996, 21314.2, 0.55
-2.947473657239935, 0.34, 10139.532000000005, 19047.8, 0.52
-3.9865714660083054, 0.46, 7456.795999999991, 15530.6, 0.51
-3.4668184513814437, 0.42, 7766.736000000001, 15688.0, 0.5
-4.199839606621605, 0.41, 7111.53, 14394, 0.52
0.0987803073603122, 0.21, 12673.27, 24799.0, 0.54
-5.391981152808292, 0.55, 4884.1, 9435, 0.51
-5.7360935682450735, 0.59, 4458.283999999996, 9244.6, 0.5
-4.020107130277463, 0.42, 8409.06200000001, 17479.4, 0.52
-2.529017788651358, 0.38, 8821.032000000008, 18459.8, 0.52
-3.145383520881075, 0.35, 7732.994000000001, 17211.0, 0.52
-1.4442414381766424, 0.18, 11323.08, 22979.0, 0.53
-3.572269498213642, 0.37, 6979.996000000003, 13875.4, 0.52
-2.464260118356831, 0.32, 8292.443999999996, 15831.2, 0.53
-3.1516087031138573, 0.35, 8692.35, 18716.8, 0.53
-3.5935745595033826, 0.41, 10426.562, 20974.8, 0.53
-2.215635222195304, 0.31, 8994.623999999996, 17012.6, 0.53
-4.924378777969479, 0.52, 6275.57, 13856.0, 0.51
-2.6932292858772953, 0.3, 8407.74, 17342.0, 0.53
-3.583068135879771, 0.41, 7296.05, 15581.8, 0.52
-3.979452807250921, 0.42, 7618.3, 16011, 0.58
-2.6244431972451707, 0.31, 9788.916000000005, 20940.4, 0.56
-3.4564154101317848, 0.41, 7477.873999999993, 15517.0, 0.52
-3.6040231649398793, 0.38, 9637.788000000002, 19254.2, 0.52
-3.0678625422544945, 0.35, 8834.467999999999, 20896.6, 0.53
-2.914809132659785, 0.37, 7699.44, 15298.0, 0.53
-3.241994584422207, 0.36, 8774.167999999998, 19986.6, 0.53
-5.292427418431447, 0.53, 7029.616000000005, 14614.4, 0.51
-2.5202934277198077, 0.37, 9691.233999999995, 18971.6, 0.52
-4.550242673807536, 0.55, 6659.85, 13207.0, 0.5
-1.5854392227862155, 0.29, 10702.983999999999, 23044.8, 0.53
-4.044599033544333, 0.44, 8615.554000000002, 18155.4, 0.52
-3.0379613286724965, 0.37, 10020.707999999999, 19736.0, 0.53
-5.74741705124196, 0.56, 7704.475999999995, 15207.6, 0.51
-3.7497347814259996, 0.38, 10160.261999999999, 20475.8, 0.52
-6.612395293818781, 0.63, 5902.997999999995, 12082.6, 0.5
-4.418724536178878, 0.43, 7866.15400000001, 15813.8, 0.52
-4.445112451777148, 0.48, 8323.386000000006, 17874.8, 0.51
-4.445363331638429, 0.46, 9088.612000000005, 17815.2, 0.51
-2.9519255030038702, 0.35, 10873.543999999996, 21091.4, 0.52
-5.8835052165541075, 0.59, 6283.002, 12496.6, 0.5
-5.456170653352455, 0.52, 5374.67, 11452.0, 0.52
-4.047780918945999, 0.38, 8403.325999999995, 17716.2, 0.51
-4.985291376859758, 0.45, 8451.61, 15294.0, 0.52
-4.00354694992533, 0.38, 8651.919999999995, 17789.8, 0.52
-3.134842083793767, 0.4, 9264.363999999996, 19756.6, 0.53
-4.025691871704621, 0.44, 6603.2919999999995, 15215.6, 0.52
-2.471466920595781, 0.25, 13711.140000000012, 27609.6, 0.54
-2.050598786684451, 0.36, 9056.374000000005, 18530.4, 0.52
-1.9102811287401469, 0.3, 12354.358000000013, 27047.8, 0.53
-2.5823433118063224, 0.31, 12742.807999999995, 24265.2, 0.53
-2.6295462038512984, 0.34, 9513.75, 19561.0, 0.52
-4.176755695405591, 0.43, 8542.954000000005, 19201.8, 0.52
-3.984069863766475, 0.43, 8988.586000000005, 20479.8, 0.51
-3.6354682849525903, 0.44, 7485.0179999999955, 16647.6, 0.51
-4.970683271199732, 0.53, 6122.77, 12180.0, 0.51
-4.588332475090879, 0.47, 7072.881999999995, 13467.4, 0.51
-4.506478035452692, 0.45, 9751.276000000002, 18968.0, 0.51
-3.2405716429816676, 0.35, 9902.19, 20181.0, 0.53
-4.268135934352147, 0.36, 8545.99, 18764.0, 0.53
-5.552766254311937, 0.53, 7748.168, 13859.6, 0.49
-2.403259281311092, 0.3, 10259.057999999999, 21859.0, 0.53
-3.3696767802609555, 0.4, 10442.637999999999, 22642.6, 0.53
-2.729870955681197, 0.32, 9536.42400000001, 20369.4, 0.53
-3.090160938673611, 0.42, 8775.575999999997, 18424.6, 0.53
-4.663332217039182, 0.51, 9122.349999999999, 19764.0, 0.5
-4.96190339363056, 0.48, 7437.74, 16532.0, 0.52
-2.586783292573324, 0.32, 11610.972, 24043.6, 0.54
-3.467121243942768, 0.44, 9628.086, 20097.4, 0.52
-3.2132695749957434, 0.39, 8675.673999999999, 17941.0, 0.52
-4.266392221811341, 0.49, 6762.982, 13638.4, 0.51
-3.1594850206132423, 0.41, 12934.034, 27507.4, 0.53
-2.180124963983097, 0.32, 7145.95, 14450, 0.53
-1.1622101724024727, 0.26, 10277.043999999985, 21260.2, 0.54
-1.2247005210825523, 0.29, 12543.982000000002, 24505.6, 0.54
-1.1328472946149335, 0.2, 15061.864000000001, 30619.6, 0.55
-0.2657858203043188, 0.15, 14836.331999999997, 30844.4, 0.55
-1.371358862379802, 0.21, 17254.650000000005, 34192.6, 0.54
-1.0316128443978905, 0.21, 16437.352000000006, 34110.0, 0.56
-1.3722269419631383, 0.25, 14103.823999999986, 27692.4, 0.54
-2.438914249624182, 0.34, 11318.58, 21756.8, 0.53
-1.1669030218945746, 0.22, 17443.54, 37347.2, 0.53
-3.024367137279404, 0.36, 12705.730000000003, 25393.4, 0.52
-3.5732665701190705, 0.4, 13827.386000000004, 26821.0, 0.52
-1.6668157878668781, 0.3, 8429.587999999996, 18264.6, 0.53
-1.9039613235737405, 0.25, 14647.636, 31494.4, 0.54
-2.4348507215664883, 0.28, 13597.970000000003, 30072.0, 0.54
-4.177983605862929, 0.49, 9577.791999999998, 20479.6, 0.51
-2.1833344339392813, 0.31, 11572.028000000002, 24672.8, 0.52
-1.2900325550936957, 0.23, 17032.682, 34517.4, 0.54
-3.431512313974453, 0.33, 10688.604000000003, 21027.6, 0.52
-2.0940437046565674, 0.27, 9700.648, 19319.4, 0.54
-2.197492320972743, 0.37, 12095.412000000002, 24349.8, 0.52
-2.8840441066057347, 0.35, 9240.88, 19327.4, 0.53
-1.9392758498341078, 0.27, 11914.817999999996, 25693.4, 0.54
-3.5674940128224, 0.38, 10506.278000000002, 23755.0, 0.53
-3.9469523689666226, 0.46, 7747.983999999997, 17194.0, 0.51
-2.482043466144738, 0.28, 12606.28999999999, 30583.4, 0.53
-2.5115025949347016, 0.34, 9000.350000000002, 20339.2, 0.52
-2.0608446449820432, 0.33, 13277.423999999999, 26505.2, 0.51
-1.849011516443291, 0.36, 11286.541999999994, 24949.2, 0.52
-2.9807340457471203, 0.38, 8590.978000000005, 18345.2, 0.52
-2.844011224463321, 0.42, 9790.805999999999, 19458.0, 0.51
-3.7098490951564655, 0.43, 10619.357999999998, 23114.6, 0.51
-3.8160725426075985, 0.42, 10591.805999999999, 23109.8, 0.52
-3.192912792163079, 0.42, 10611.998000000007, 21092.0, 0.53
-4.148398737775413, 0.46, 7764.450000000003, 16561.8, 0.51
-3.983771989354254, 0.47, 8683.478000000003, 17109.0, 0.51
-1.984534370694349, 0.35, 13980.567999999994, 28158.0, 0.52
-4.691901487705998, 0.52, 8197.564000000006, 16140.6, 0.51
-5.576579768530324, 0.59, 5388.4, 12298.6, 0.51
-4.757087317323203, 0.52, 6140.7100000000055, 12876.8, 0.51
-3.3450172373931455, 0.39, 10136.008000000005, 21004.0, 0.53
-2.4742834472704973, 0.29, 11901.354, 25021.2, 0.54
-3.984797692589424, 0.44, 11277.470000000007, 23385.6, 0.53
-2.4008864903102496, 0.22, 13176.69400000001, 27774.6, 0.54
-4.2450800785128635, 0.4, 11189.195999999998, 21728.6, 0.53
-4.908530111683465, 0.52, 7242.183999999996, 16183.2, 0.52
-4.3645426420473985, 0.44, 12031.65799999999, 26008.2, 0.52
-3.9070621335319196, 0.43, 12293.894000000008, 25958.6, 0.52
-2.5873119813663203, 0.34, 12178.706, 24623.4, 0.53
-4.030481194938293, 0.48, 10097.128000000004, 21954.8, 0.52
-2.50040285498222, 0.32, 12244.232000000007, 25972.4, 0.53
-0.6952092688554614, 0.24, 17504.066000000006, 33376.0, 0.54
-2.21551986190118, 0.34, 9677.734000000002, 22207.8, 0.53
-3.4614980494302716, 0.39, 11170.024000000001, 25002.4, 0.53
-3.7208570650170225, 0.41, 9547.222000000002, 21649.0, 0.52
-2.677472549922075, 0.31, 13094.710000000003, 26637.8, 0.53
-3.2215145029496237, 0.31, 13157.124000000005, 28682.6, 0.53
-2.744999853118845, 0.37, 11767.947999999999, 27325.4, 0.53
-4.035894125045421, 0.49, 11777.461999999998, 23312.6, 0.51
-1.9467883222628666, 0.26, 19270.460000000014, 41851.0, 0.54
-3.3225217696206433, 0.44, 11045.564000000006, 23828.8, 0.52
-3.436744536372571, 0.37, 12016.537999999995, 26584.8, 0.52
-1.3589269003320164, 0.21, 18696.562000000005, 39377.4, 0.54
0.49934221486679337, 0.12, 19465.873999999993, 40796.2, 0.54
-0.08952715087081643, 0.15, 18031.728, 37827.4, 0.55
-1.5072975309130563, 0.2, 17868.27, 37583.8, 0.54
0.5782540536619527, 0.13, 17958.304, 38014.6, 0.55
-1.3063495800391973, 0.31, 12829.884000000004, 29810.8, 0.53
-0.9956301545186705, 0.2, 17656.208, 39034.6, 0.53
0.5377259062847428, 0.09, 17314.406000000003, 36781.4, 0.55
0.2072151206679343, 0.14, 17101.89600000001, 35785.6, 0.54
0.7106304876285751, 0.12, 17244.163999999993, 34808.8, 0.55
-1.5804711034376095, 0.28, 12949.343999999997, 27788.8, 0.54
0.1903009645375343, 0.17, 20853.78599999999, 45529.8, 0.54
-0.8211672465145324, 0.24, 16415.514000000003, 33590.2, 0.54
0.4412404428264687, 0.15, 16889.339999999997, 36519.2, 0.55
-0.26414949887376604, 0.13, 19067.133999999995, 40715.0, 0.55
1.4675115738524307, 0.11, 13209.842000000002, 25506.6, 0.55
1.0458075198404402, 0.09, 25983.861999999994, 49771.0, 0.55
-0.06534371774400884, 0.23, 9325.624000000005, 18758.4, 0.52
1.7172618472094447, 0.06, 18640.178, 39672.0, 0.55
0.6140247173964777, 0.13, 18520.528000000006, 38399.2, 0.55
1.7648019859864759, 0.05, 17895.211999999996, 34619.8, 0.55
0.8924754894949772, 0.02, 13790.680000000002, 28052.0, 0.55
2.3592854166196786, 0.0, 23624.468000000008, 49376.0, 0.56
1.7959321132582986, 0.0, 16527.162, 34468.0, 0.56
2.0740285718522586, 0.03, 19818.516000000007, 43016.4, 0.55
0.473599153479387, 0.12, 19625.339999999993, 46196.4, 0.56
0.7843868431128933, 0.05, 17785.461999999996, 36171.8, 0.56
2.195098264881231, 0.03, 21942.59800000001, 44398.2, 0.55
1.8459773425989476, 0.02, 20254.276, 41757.6, 0.56
0.43437704498034607, 0.12, 18671.924, 39312.8, 0.55
0.6512083652210993, 0.08, 17193.138000000006, 35785.8, 0.55
0.7066424707288221, 0.08, 20725.6, 44278.4, 0.54
1.1739007820889622, 0.0, 20863.661999999997, 42066.0, 0.56
-2.2094251294722325, 0.33, 15239.040000000003, 29889.8, 0.53
2.1649794239457982, 0.01, 19508.266000000003, 39206.2, 0.57
2.4612105538531104, 0.03, 16393.311999999998, 33941.4, 0.56
1.9720127022782612, 0.07, 11967.708000000006, 24423.8, 0.54
1.7177712493276693, 0.1, 12244.389999999998, 26227.6, 0.52
2.3264825868953904, 0.0, 20891.878, 44509.8, 0.56
2.5242882232262223, 0.01, 20742.432, 44669.6, 0.57
1.6230367584475112, 0.02, 18102.350000000002, 37008.6, 0.55
1.2414037267120244, 0.02, 20453.857999999997, 41927.2, 0.56
2.2195350968960703, 0.01, 21877.923999999995, 43661.6, 0.56
1.6654029763395506, 0.03, 19246.656000000003, 41012.6, 0.56
2.1763807041033556, 0.0, 23573.647999999997, 49364.2, 0.56
1.8165886986736461, 0.02, 16468.694, 34019.0, 0.55
1.4524125590557815, 0.03, 20997.638000000006, 45971.8, 0.56
2.1255550421078326, 0.0, 26038.481999999993, 53615.6, 0.55
2.149447247525459, 0.01, 21913.821999999996, 44585.6, 0.57
2.2723351792443482, 0.0, 25377.76, 54056.4, 0.57
2.045073630245083, 0.02, 23045.041999999998, 47103.8, 0.56
2.278078088719155, 0.04, 13807.19, 28361.0, 0.55
1.9192069250684423, 0.03, 18612.600000000002, 39830.6, 0.55
1.8099161268848762, 0.04, 19152.05, 38767.6, 0.56
1.0914453944634679, 0.14, 11810.138000000004, 24854.0, 0.52
1.4023052192096943, 0.05, 19589.984, 38706.6, 0.56
0.9522565462207586, 0.12, 15889.314000000002, 29849.6, 0.53
2.2994518030856246, 0.04, 17689.44599999998, 39570.4, 0.55
2.018021929875346, 0.06, 18602.426000000003, 37377.2, 0.55
2.540069707406378, 0.04, 16286.862000000001, 32617.4, 0.56
2.068353233510681, 0.02, 21711.695999999996, 42959.8, 0.56
2.1479250413396627, 0.01, 19634.830000000005, 40794.8, 0.56
1.4399396060923657, 0.02, 17325.441999999995, 36178.2, 0.56
2.0996312015672745, 0.03, 15705.020000000002, 31591.0, 0.56
2.3824949380912623, 0.03, 23934.874, 49382.0, 0.55
1.9903217737611811, 0.1, 10508.030000000002, 22140.8, 0.53
0.6404316815222479, 0.08, 26457.12399999999, 54288.0, 0.55
1.2393641440300882, 0.09, 13896.040000000005, 28099.6, 0.54
-0.14594752056708338, 0.1, 20157.845999999998, 42656.4, 0.56
1.6501099266752288, 0.03, 21586.866000000005, 44065.0, 0.56
1.706044569417539, 0.09, 21400.42200000001, 43187.6, 0.56
1.4216636851479225, 0.09, 17946.616, 41259.0, 0.56
0.8713479994155677, 0.14, 14243.222, 31142.8, 0.54
2.574969378366017, 0.01, 18745.692, 39393.8, 0.56
1.5317014242122042, 0.05, 22518.972000000005, 46336.4, 0.55
2.0285447814668056, 0.03, 18930.028000000006, 39140.8, 0.56
0.3543610820667156, 0.17, 20013.918000000005, 43633.2, 0.54
2.207866941083349, 0.05, 19882.035999999986, 39600.2, 0.56
1.8787796903838503, 0.1, 17845.314, 38124.0, 0.57
1.889585896315888, 0.06, 22383.316000000006, 46692.2, 0.55
2.4409102868525467, 0.06, 17805.002, 36701.4, 0.56
2.1216284501173415, 0.06, 19047.494000000002, 38989.4, 0.56
1.7358135262811019, 0.04, 17235.908000000003, 35214.0, 0.55
2.089220742474885, 0.01, 19920.94, 39309.0, 0.56
2.7035306288655234, 0.02, 22658.49, 46584.4, 0.57
1.9016057678790352, 0.07, 21300.507999999987, 44364.6, 0.56
2.340299386245006, 0.04, 16087.814000000002, 33895.6, 0.54
2.516601197935256, 0.0, 20199.534, 41375.0, 0.56
1.347214430427482, 0.06, 22136.979999999992, 46357.4, 0.56
1.9212145955788915, 0.07, 20003.789999999997, 38628.0, 0.55
0.8636067882888275, 0.02, 19822.56, 40416.0, 0.56
0.3440894789080812, 0.07, 21512.213999999993, 44365.4, 0.55
1.4627924380838082, 0.01, 19252.039999999997, 39981.8, 0.57
1.400992452654566, 0.03, 20289.406000000006, 45260.6, 0.55
0.2842764892768825, 0.13, 16686.057999999997, 36765.4, 0.54
2.3045598780864047, 0.02, 18147.41999999999, 38616.4, 0.56
1.0073835101486528, 0.1, 18282.019999999997, 38349.8, 0.55
1.867563650999138, 0.03, 20023.352, 40687.6, 0.56
1.325796516575589, 0.02, 19081.416000000005, 39146.6, 0.56
-0.25961572569978153, 0.17, 13886.273999999998, 30864.6, 0.54
0.7607852961707596, 0.04, 21141.705999999995, 44377.4, 0.58
2.0824375532755584, 0.03, 20206.936, 40797.4, 0.56
2.1707615541481213, 0.03, 20481.49999999999, 42135.0, 0.56
1.6148314350069135, 0.12, 14595.38, 29558.6, 0.54
1.5479235501418298, 0.02, 19788.686000000005, 42451.8, 0.56
2.781744933916571, 0.01, 21047.930000000004, 45191.0, 0.56
1.9359521892943672, 0.01, 21561.844000000005, 44937.2, 0.56
1.5207946285767986, 0.02, 20644.350000000006, 43415.6, 0.56
0.33376403750867456, 0.11, 16560.484, 35267.4, 0.55
1.5285685262127757, 0.08, 17225.505999999994, 36098.8, 0.55
1.4871120009196568, 0.07, 16958.361999999997, 35862.0, 0.55
0.9329127678317031, 0.09, 20435.054, 44580.4, 0.56
0.060216070184913165, 0.12, 13760.416000000003, 28210.8, 0.55
1.5340068436385892, 0.11, 11707.886, 24896.2, 0.54
1.5793269176715563, 0.1, 16052.095999999998, 33245.0, 0.55
0.9013517674255996, 0.12, 15260.573999999999, 31078.6, 0.55
1.1591269649808356, 0.12, 16559.304000000007, 34155.4, 0.55
1.3298847587921654, 0.09, 13420.948000000002, 27711.6, 0.55
1.6562642045606528, 0.06, 17710.21, 36950.2, 0.55
2.4507659071683805, 0.05, 19391.089999999997, 37891.2, 0.54
1.960532797808211, 0.09, 19456.134, 40765.0, 0.55
0.638861551072869, 0.08, 14938.346000000001, 30023.0, 0.55
1.417856079089117, 0.07, 20327.638, 41569.4, 0.55
2.115653785162341, 0.02, 17637.896000000008, 36563.8, 0.56
1.5998820256202273, 0.06, 18538.860000000008, 39024.6, 0.56
0.022374675717100372, 0.17, 13568.067999999996, 27618.0, 0.53
0.8723280821738988, 0.12, 14459.7, 28796.0, 0.54
1.523989312370591, 0.01, 20391.758000000005, 41417.2, 0.56
1.6751782199745662, 0.03, 22759.676000000007, 47057.0, 0.56
0.906492460229876, 0.11, 12736.939999999993, 25321.0, 0.55
1.4058615522902616, 0.0, 19858.302000000007, 40044.6, 0.55
0.8935205009545796, 0.08, 14546.474000000002, 30410.4, 0.54
0.3982230108755199, 0.14, 15632.234000000011, 35037.8, 0.54
1.1648650002068779, 0.1, 14354.720000000003, 29009.6, 0.54
0.26630916864971416, 0.16, 12783.916000000001, 26769.0, 0.54
0.9769085952371772, 0.1, 13819.667999999998, 27834.2, 0.54
1.1637212596794209, 0.13, 14522.127999999999, 30045.2, 0.55
1.7417753335896535, 0.04, 17812.510000000006, 36061.2, 0.54
2.8232607404916554, 0.03, 19885.195999999993, 39935.6, 0.56
1.4957556397401541, 0.1, 14044.964000000002, 29283.8, 0.55
1.7702984011233593, 0.05, 15216.758000000003, 29955.2, 0.55
1.9243819889668052, 0.07, 13112.056, 28124.2, 0.53
1.8133239634686935, 0.11, 12259.789999999997, 24253.8, 0.53
2.345011806878554, 0.03, 17552.82799999999, 35438.2, 0.56
2.0285487492508403, 0.03, 22153.612, 46921.4, 0.56
1.9336381740388875, 0.02, 17667.076, 36422.8, 0.56
1.976378784711378, 0.06, 17526.812, 37463.6, 0.55
1.9151059184747072, 0.08, 11924.786, 24278.4, 0.54
1.758701542371063, 0.1, 13578.123999999994, 27642.4, 0.53
1.878708981836663, 0.09, 12286.876000000004, 24327.8, 0.54
1.9931906814847489, 0.05, 17414.688, 36098.0, 0.55
2.248685418175602, 0.02, 13817.687999999998, 28014.2, 0.55
1.571075861862559, 0.08, 16394.383999999995, 34702.2, 0.56
2.0918290872811895, 0.06, 19792.661999999993, 40237.8, 0.55
2.278898992476766, 0.06, 19034.552000000007, 37970.0, 0.55
1.119872573748757, 0.07, 17924.411999999997, 36944.8, 0.56
1.5503712076242602, 0.06, 17345.074000000004, 34978.6, 0.57
0.9671690976986353, 0.13, 15977.795999999998, 32944.6, 0.54
2.2644656308898705, 0.03, 20254.105999999992, 41040.4, 0.57
1.9793050423371787, 0.01, 21779.526, 42755.2, 0.56
0.901373797805781, 0.08, 18482.88, 39020.0, 0.54
1.5063639689586885, 0.02, 18385.349999999995, 38948.0, 0.56
2.185311097806319, 0.01, 20945.163999999997, 42472.6, 0.56
2.1338541988077964, 0.06, 13510.042000000007, 30367.0, 0.55
1.1568235751467786, 0.12, 20123.012000000006, 44579.6, 0.55
2.193740672758628, 0.02, 21734.13599999999, 44096.0, 0.56
1.451922905089931, 0.08, 20871.032000000007, 40076.4, 0.55
1.8522621729691142, 0.09, 15822.282000000001, 31727.6, 0.55
1.5793013054831768, 0.07, 18388.203999999998, 38925.2, 0.55
1.8007628686514296, 0.03, 19561.342, 39744.2, 0.56
2.418332780715424, 0.0, 21828.164000000008, 45932.6, 0.55
2.141078064222662, 0.02, 19776.228000000003, 42887.8, 0.57
1.5193881307794799, 0.09, 21888.0, 45024.0, 0.55
1.945632428265557, 0.05, 22858.834000000003, 45196.2, 0.57
1.8569100179746594, 0.04, 18063.65, 37753.0, 0.56
1.8429704194009426, 0.05, 21063.584000000003, 46964.8, 0.55
1.325014635123446, 0.13, 19021.194000000003, 41056.8, 0.55
1.6061312714075593, 0.06, 21545.672, 46840.0, 0.55
2.4853736130695494, 0.03, 22528.98, 46764.6, 0.56
1.6175973299030744, 0.04, 22492.734, 47079.4, 0.56
1.0242899328440187, 0.15, 21050.380000000005, 42677.8, 0.54
1.607770881297847, 0.05, 24678.453999999998, 51072.4, 0.56
1.2398230545841384, 0.07, 21189.474000000002, 43258.4, 0.56
2.0695783266746117, 0.05, 25506.324, 51277.2, 0.55
2.1470720725386747, 0.04, 18999.130000000005, 38496.6, 0.55
2.028991355430471, 0.07, 16992.266, 34199.6, 0.56
1.5979115811639866, 0.1, 15102.739999999998, 31863.4, 0.54
2.6191873933701917, 0.02, 15254.681999999999, 30306.6, 0.56
2.295923511289483, 0.06, 17642.292, 36863.2, 0.56
1.2578071821200896, 0.04, 19547.170000000002, 40335.2, 0.56
0.3484277884447595, 0.08, 18432.982000000004, 37316.4, 0.56
1.917528570731653, 0.06, 19245.786000000004, 40599.8, 0.55
1.0825756320071058, 0.1, 19182.188000000002, 40991.8, 0.56
2.4910567922151476, 0.03, 19425.366, 39774.4, 0.55
2.454450961353649, 0.02, 18793.944000000007, 38511.6, 0.55
2.1173610764505493, 0.09, 14857.408000000012, 29615.6, 0.55
1.7934023092470053, 0.13, 16951.16, 37377.4, 0.55
1.4115013912110967, 0.06, 18662.446000000007, 37163.2, 0.55
1.2150962323215784, 0.08, 18284.620000000006, 36545.0, 0.55
1.6159281136481523, 0.04, 19517.022, 40773.0, 0.55
2.1467662004508825, 0.04, 20175.058000000008, 40203.6, 0.56
0.4341562336687369, 0.15, 16270.359999999995, 33591.4, 0.54
2.0191684412158697, 0.06, 17353.554, 36061.4, 0.56
-0.18320894644721725, 0.17, 15820.599999999999, 33394.4, 0.53
1.5895948684021928, 0.05, 16996.197999999997, 34024.0, 0.55
1.1380695365019138, 0.15, 15233.160000000002, 31287.8, 0.55
0.464690713968673, 0.11, 18546.071999999996, 36015.8, 0.59
2.3325244885446863, 0.03, 15500.956000000004, 31631.6, 0.56
1.799985438066969, 0.03, 20219.109999999993, 41920.4, 0.57
2.037254562190462, 0.04, 15720.334, 31494.4, 0.55
1.6378964877269948, 0.03, 18661.072, 39210.6, 0.55
1.353430830700763, 0.08, 19837.850000000002, 42904.2, 0.55
1.5613218439602943, 0.04, 20504.319999999996, 43456.0, 0.57
2.1499629749650047, 0.0, 22441.73, 45374.0, 0.56
2.3994753188543827, 0.01, 21923.180000000004, 45534.8, 0.56
1.7342195846197361, 0.04, 20367.621999999996, 43054.0, 0.56
1.573636857934915, 0.01, 23128.321999999996, 47691.0, 0.56
2.0968515203159237, 0.06, 19697.651999999995, 40532.0, 0.56
1.7746590753555438, 0.04, 20904.249999999996, 42000.2, 0.58
2.574847908614351, 0.02, 24138.254000000004, 51321.4, 0.56
2.2845756280170697, 0.04, 17847.252, 39366.8, 0.55
2.4295412645306502, 0.02, 20270.40599999999, 43501.0, 0.56
2.5827978886550618, 0.01, 19392.255999999998, 40170.2, 0.56
1.9120767266957177, 0.03, 25209.099999999995, 50448.6, 0.55
1.2774636426797952, 0.03, 20758.188000000002, 43612.4, 0.55
1.623742232412813, 0.07, 22092.453999999998, 49317.0, 0.56
2.518123085853419, 0.01, 24976.378000000008, 50558.2, 0.56
0.7377444956616067, 0.11, 20386.252000000004, 40343.0, 0.55
0.6565100822572082, 0.05, 24051.41400000001, 51418.6, 0.56
0.9129792037771857, 0.06, 23998.393999999993, 51493.0, 0.55
0.33820613480031886, 0.09, 22582.930000000004, 48085.6, 0.56
2.122033591730405, 0.0, 26685.757999999987, 55671.8, 0.56
-0.9555755941728566, 0.16, 16916.023999999994, 35644.0, 0.55
1.1372800373647562, 0.1, 20076.906000000006, 41391.6, 0.55
0.25884523822815036, 0.11, 21268.257999999987, 43065.2, 0.55
1.542067435400081, 0.04, 20565.326, 43310.0, 0.56
1.6090790319478896, 0.0, 23339.65599999999, 48426.2, 0.56
1.3635242265191203, 0.03, 25431.424, 54248.8, 0.56
1.7126363158263818, 0.01, 20724.658000000007, 42799.6, 0.56
0.7098390001903483, 0.08, 20057.811999999998, 43172.6, 0.56
1.7641866944988929, 0.02, 24805.008, 50331.6, 0.55
-0.11352442459356434, 0.06, 19041.944, 41474.8, 0.56
0.3665431094084744, 0.05, 20453.358000000004, 41738.0, 0.54
1.2980866398386761, 0.02, 19543.813999999995, 40982.4, 0.56
1.1067714895509564, 0.01, 21351.285999999996, 42954.2, 0.56
2.0548424785410333, 0.01, 14789.366000000002, 31975.8, 0.56
1.9593760231029103, 0.0, 19221.34999999999, 39857.2, 0.56
2.2985172180299753, 0.01, 20976.108000000007, 45771.8, 0.56
1.9748894012128029, 0.04, 19749.634000000002, 38848.2, 0.57
1.6842824869600763, 0.05, 20733.71999999999, 40707.0, 0.55
0.8996235001208421, 0.05, 20181.414, 41987.2, 0.56
1.2400562242146993, 0.06, 16421.66, 31016.6, 0.55
2.0093330959233064, 0.0, 25834.406000000003, 54059.6, 0.56
2.3501116497157155, 0.0, 25706.643999999993, 53341.8, 0.56
1.7723086515214388, 0.03, 16610.939999999995, 33089.4, 0.55
1.4541648207442293, 0.02, 21233.638000000003, 41926.8, 0.55
1.6064027936923935, 0.07, 17214.823999999993, 34400.6, 0.54
1.350545896500039, 0.05, 19475.84400000001, 37098.2, 0.55
2.211692220107009, 0.0, 23483.98, 47600.0, 0.57
2.3624819515132973, 0.02, 24087.710000000006, 47602.2, 0.56
2.2349777380434888, 0.02, 25932.744000000002, 52502.0, 0.55
2.1128296973980305, 0.0, 26254.892000000007, 53440.2, 0.57
1.304736039209589, 0.03, 21744.264000000014, 45004.2, 0.56
1.9480525488535372, 0.01, 22724.91, 46108.0, 0.57
1.7115864137480568, 0.04, 21940.723999999984, 44276.0, 0.56
2.2884284175926437, 0.0, 25760.63599999999, 52027.8, 0.56
1.5034906991497672, 0.01, 26943.343999999994, 56922.0, 0.56
2.2350022701142667, 0.04, 21630.50400000001, 43234.2, 0.55
1.3124197395159127, 0.01, 24622.41799999999, 50538.0, 0.55
1.1428473385318227, 0.04, 19452.99399999999, 41303.0, 0.55
-0.43744668642672196, 0.05, 21923.201999999994, 46648.0, 0.55
0.6219395981066351, 0.07, 20841.636000000002, 42326.0, 0.55
1.5003652018832399, 0.01, 18787.093999999994, 39354.4, 0.55
1.8520267155808718, 0.05, 17436.485999999997, 34946.4, 0.56
1.450061788762106, 0.02, 18907.402000000006, 38099.0, 0.55
2.539373200022498, 0.02, 19885.746, 40676.6, 0.56
0.2346141631316231, 0.08, 17824.017999999996, 39379.2, 0.55
1.2422317100479172, 0.03, 21270.035999999996, 42887.0, 0.56
2.6050695831226984, 0.0, 21334.464000000007, 44131.6, 0.57
2.4772152849588527, 0.01, 18868.872000000007, 39361.4, 0.56
1.5075121625831718, 0.07, 14362.778000000002, 28264.6, 0.55
1.3914786131381234, 0.06, 15740.950000000003, 33169.8, 0.55
2.3833795000111153, 0.03, 16234.146, 34024.8, 0.56
2.6482707380493826, 0.0, 18694.032, 39684.6, 0.57
2.394695871421539, 0.01, 23585.075999999997, 49636.8, 0.56
1.844734141396425, 0.02, 19602.825999999997, 40856.6, 0.57
-0.2402501618563042, 0.06, 16072.376, 34589.4, 0.55
2.490542803729693, 0.0, 17077.408, 35295.0, 0.56
1.7991058568483929, 0.02, 19577.199999999997, 40638.4, 0.55
1.9155481388162954, 0.02, 19202.42400000001, 41029.6, 0.56
2.259966155567818, 0.0, 22870.540000000005, 47045.6, 0.57
2.6156524580751426, 0.01, 14724.679999999995, 31326.8, 0.56
1.8419414970848478, 0.0, 20524.156, 41705.0, 0.56
0.662145572828711, 0.08, 17722.454000000005, 37172.6, 0.56
-1.7823469751570866, 0.3, 10783.037999999999, 22392.8, 0.52
-0.4118065860868034, 0.06, 18597.560000000005, 39127.6, 0.55
-2.154014634956623, 0.33, 12394.307999999986, 25124.2, 0.54
0.40816807067263683, 0.13, 19041.729999999996, 39058.4, 0.55
-1.2069120901125192, 0.3, 12872.227999999996, 28141.6, 0.53
-0.8960857861865459, 0.09, 14809.772000000006, 31327.6, 0.56
-1.244923257317818, 0.24, 11444.222000000007, 24385.4, 0.54
-2.5756169999596374, 0.29, 10896.021999999999, 20354.2, 0.52
-2.925002291222575, 0.26, 12534.868000000002, 24497.0, 0.53
-0.8770042163234082, 0.22, 8434.072000000006, 17006.2, 0.55
-1.6740771431247365, 0.18, 14727.956000000004, 32077.8, 0.54
-1.378221323128181, 0.19, 14931.936000000002, 28388.8, 0.54
1.6417953365412554, 0.04, 22138.420000000006, 47329.0, 0.56
0.19240746039718007, 0.04, 16068.788, 33629.2, 0.55
-0.13335461808129412, 0.14, 20461.033999999996, 42958.8, 0.55
0.5406191788873106, 0.1, 14467.338000000003, 29188.8, 0.55
-0.7188286242311501, 0.22, 18290.402, 36024.8, 0.54
-4.617406937617581, 0.4, 8558.587999999994, 17347.6, 0.52
-1.5992980375570474, 0.25, 8861.543999999994, 18311.6, 0.54
-2.077833483776357, 0.23, 12135.618000000002, 24503.0, 0.53
-1.2804119295312577, 0.21, 11864.430000000004, 25763.0, 0.54
-2.0714498498900435, 0.29, 14499.933999999994, 30552.4, 0.54
-0.739835631927394, 0.15, 13869.337999999998, 27521.4, 0.56
0.2799421056428982, 0.14, 12868.96, 27248.4, 0.55
-4.778391697802174, 0.48, 6349.911999999999, 12552.8, 0.52
-6.727893134535523, 0.66, 3243.6, 7055, 0.49
-5.414914247141476, 0.51, 5791.68, 10747.0, 0.51
-2.8105191867642376, 0.4, 7685.2219999999925, 16770.4, 0.52
-5.400014168632233, 0.54, 5357.96, 10286.0, 0.5
-5.127961378130679, 0.52, 5784.75, 11992, 0.51
-5.0889151741057965, 0.5, 5934.39, 12119, 0.51
-2.853480819452693, 0.31, 11692.079999999994, 23788.2, 0.53
-3.4004983521261187, 0.37, 12028.721999999998, 24064.8, 0.52
-1.4617729412184373, 0.23, 10927.016000000001, 21830.0, 0.53
-3.4677764707753527, 0.39, 9482.827999999996, 21369.4, 0.52
-3.1848743538683184, 0.36, 8351.305999999991, 18569.6, 0.52
-4.010461541286397, 0.42, 8382.85, 17823.4, 0.5
-6.30160485960722, 0.63, 3796.95, 7735, 0.5
-3.431678454282409, 0.38, 8429.340000000004, 20041.8, 0.52
-3.7355683784202824, 0.41, 9086.59600000001, 19704.4, 0.51
-4.9225424536834, 0.51, 5917.903999999993, 11352.6, 0.51
-1.771513653965884, 0.26, 11924.998, 23746.4, 0.54
-5.790903318373082, 0.55, 4446.35, 9435, 0.5
-5.1991913510194845, 0.58, 8000.241999999995, 14900.6, 0.5
-5.600674289693948, 0.58, 4027.25, 9235, 0.49
-7.254758415045229, 0.72, 4027.46, 7102, 0.47
-7.792364560143867, 0.74, 1961.8, 5355, 0.46
-7.251420577336296, 0.7, 3083.8, 6205, 0.47
-7.1885709181725215, 0.71, 2467.55, 6035, 0.48
-1.3714581934746786, 0.24, 9989.65, 20550, 0.53
-4.885886209916498, 0.45, 5907.754000000002, 12408.0, 0.51
-3.321085722628538, 0.43, 5800.861999999995, 12042.6, 0.5
-4.667009950562121, 0.48, 5700.542000000003, 12202.6, 0.52
-5.146029577460467, 0.52, 5176.862000000002, 10390.8, 0.5
-3.7798691002112723, 0.44, 6290.85, 11900, 0.5
-3.684553578869075, 0.51, 6949.511999999995, 14363.2, 0.5
-3.8215594669722206, 0.47, 7028.2499999999945, 14616.6, 0.5
-3.9488136149284454, 0.42, 7746.815999999995, 14759.8, 0.51
-2.6480884311955015, 0.36, 9282.967999999992, 18821.6, 0.51
-4.959891081011577, 0.5, 6381.125999999995, 13634.2, 0.5
-3.9517472677452874, 0.44, 8876.85, 18449.6, 0.51
-5.118523160300942, 0.54, 5398.945999999996, 11679.8, 0.49
-4.403760589930814, 0.47, 8295.691999999992, 16430.2, 0.5
-4.484004343932545, 0.48, 6077.805999999996, 13511.6, 0.51
-3.3508895226822273, 0.47, 8124.2840000000015, 16410.6, 0.51
-5.20875327829357, 0.54, 5329.214000000002, 11172.2, 0.49
-4.727919781995905, 0.49, 5646.392000000008, 12156.4, 0.5
-5.1531871305046595, 0.56, 4651.037999999994, 10881.6, 0.49
-5.416467708726666, 0.55, 4685.2, 9435, 0.51
-5.70255958925672, 0.58, 4615.5, 8755, 0.49
-4.941060123051892, 0.5, 5106.8, 10455, 0.51
-5.437201551987104, 0.56, 5620.722000000002, 11049.2, 0.5
-3.4980482501431056, 0.43, 7569.353999999996, 16168.0, 0.51
-4.288898486282105, 0.52, 7318.24, 14300, 0.5
-4.830773181087871, 0.52, 7302.724000000001, 13426.6, 0.51
-4.300085510373602, 0.38, 9102.472000000003, 18776.6, 0.52
-5.3869168404733445, 0.54, 5194.393999999995, 10289.8, 0.52
-2.3534154375472442, 0.34, 10059.925999999996, 20994.2, 0.51
-1.30425270387954, 0.17, 12692.808000000003, 25820.6, 0.54
-4.451988581864588, 0.59, 5992.234000000001, 11577.8, 0.49
-6.954915871884148, 0.7, 3570.17, 8381, 0.48
-6.538642795383265, 0.64, 3560.65, 7650, 0.47
-3.7330746791646727, 0.42, 6920.198000000001, 14782.6, 0.5
-6.477137898662985, 0.67, 5596.33, 11236.2, 0.48
-2.1529313747278267, 0.26, 10555.576000000003, 20826.6, 0.53
-4.218015157670314, 0.46, 7853.313999999998, 16837.8, 0.49
-4.295180042057935, 0.5, 6920.169999999999, 15133.4, 0.5
-1.6809777121096772, 0.27, 10527.82, 22673.0, 0.52
-4.288081531014131, 0.43, 7920.361999999999, 16534.2, 0.5
-3.3191853591923093, 0.39, 11256.353999999998, 22119.2, 0.51
-3.585047153881656, 0.43, 8063.492000000003, 16381.0, 0.49
-3.742174555724645, 0.4, 9234.626000000002, 20347.2, 0.51
-3.126020585585491, 0.36, 13270.183999999994, 29248.0, 0.52
-2.0956112590750053, 0.23, 13794.887999999999, 29958.4, 0.53
-4.409373073989287, 0.36, 11030.711999999994, 21355.2, 0.52
-1.8605785840898292, 0.23, 17425.376000000004, 36605.8, 0.52
-1.333777074669465, 0.14, 15427.577999999994, 31984.0, 0.54
-1.3068813529568555, 0.18, 13190.998000000003, 29132.2, 0.53
-1.9234025936027885, 0.29, 12462.397999999997, 26214.2, 0.53
-1.3244960382230537, 0.24, 17857.162000000004, 39323.2, 0.53
-2.000102019670622, 0.23, 14774.003999999999, 29025.4, 0.53
-2.055676199642992, 0.26, 13439.754, 27545.8, 0.53
-0.6082498718398063, 0.19, 16445.696, 32487.4, 0.52
-2.0752764821989205, 0.31, 14703.994000000004, 28964.6, 0.51
-0.46988930966071024, 0.21, 13971.178, 28922.8, 0.52
-0.42732576774694075, 0.15, 18042.288000000004, 36731.8, 0.53
-0.7464683475587465, 0.24, 12783.999999999998, 26832.8, 0.52
-0.5190440908501559, 0.17, 16028.111999999997, 32151.0, 0.52
2.4249711637750244, 0.01, 14208.733999999999, 29896.0, 0.56
2.3849428511239226, 0.04, 17109.476000000002, 34829.6, 0.55
1.766001334332685, 0.1, 10905.36999999999, 21732.2, 0.53
1.4582754183069055, 0.09, 17159.428000000004, 36612.0, 0.54
1.2761355674520811, 0.14, 12168.133999999998, 22810.0, 0.53
1.5830177216473045, 0.09, 13188.341999999999, 25547.2, 0.53
1.2220644029562635, 0.11, 11117.266000000001, 23560.0, 0.53
2.026242089211023, 0.09, 12041.598000000004, 23250.2, 0.54
-0.035132398403364684, 0.22, 10780.684000000001, 21161.8, 0.51
0.7832828409666374, 0.08, 11158.518000000004, 22398.0, 0.53
0.3615365283427952, 0.19, 9098.247999999998, 19088.2, 0.51
-0.5187229295064073, 0.23, 11125.354000000001, 21672.6, 0.52
2.577004121208319, 0.03, 15464.449999999997, 30849.0, 0.56
1.2533697262481671, 0.11, 10904.116000000002, 23108.2, 0.53
1.6798179754845413, 0.12, 10449.900000000003, 21596.6, 0.53
1.5886281316144355, 0.1, 13120.347999999998, 25783.2, 0.54
1.862398259418006, 0.07, 14930.822000000002, 30060.6, 0.55
-0.03272479606327247, 0.24, 9513.306000000002, 19761.4, 0.5
1.3497925509442787, 0.1, 14075.168000000007, 30116.6, 0.54
0.40365684917123523, 0.14, 16093.086000000008, 32956.8, 0.55
0.05251818759301077, 0.13, 14392.522000000004, 28830.2, 0.55
0.3760552200666756, 0.09, 16492.775999999998, 35945.8, 0.55
1.1907120038529933, 0.08, 16198.371999999998, 34390.2, 0.55
1.7849748065351514, 0.02, 21456.071999999993, 44698.8, 0.56
1.7676856486175827, 0.03, 23818.309999999994, 47873.4, 0.55
1.3176554095982898, 0.05, 17027.466000000004, 35409.2, 0.55
-0.4515794971804482, 0.17, 18401.04199999999, 37720.8, 0.55
0.8403540176287378, 0.09, 19793.32599999999, 43021.8, 0.55
0.5484087985796533, 0.12, 19502.415999999997, 40128.8, 0.55
1.65571613293797, 0.12, 15419.249999999998, 31450.0, 0.56
-0.26460314302252474, 0.2, 12046.130000000005, 25803.6, 0.54
2.001391184532253, 0.04, 18444.740000000005, 37126.4, 0.55
1.4411455184805289, 0.11, 15503.132, 31223.4, 0.55
1.5532635284334146, 0.11, 11671.676000000001, 23751.4, 0.54
1.3358399727065213, 0.1, 14694.848, 29402.2, 0.53
1.1272144923334262, 0.1, 17454.164000000008, 36856.8, 0.56
-0.08509562105071108, 0.2, 11862.118, 23183.8, 0.52
1.2231069243920645, 0.1, 16369.815999999997, 31918.0, 0.54
0.7845806137210666, 0.06, 20279.782000000003, 41714.0, 0.55
1.2557863106720188, 0.11, 16039.147999999996, 30707.6, 0.55
0.1716853086334721, 0.12, 13263.580000000002, 27165.6, 0.55
2.238845528690641, 0.05, 11546.459999999997, 24740.6, 0.54
1.1951812083592537, 0.12, 15169.917999999996, 32142.4, 0.54
1.6291668634400482, 0.1, 16023.472, 32919.4, 0.55
1.8124964131658066, 0.05, 15779.374000000005, 31953.6, 0.56
-0.10122496490653439, 0.07, 13877.835999999988, 28271.2, 0.54
2.203444708311056, 0.07, 16251.620000000006, 32495.2, 0.55
